421815 314148 0.863257 12616 0.664595 550 0.526316 315602 0.859012 11462 0.711793 250 0.576037 
421816 371163 0.88333 12939 0.72289 433 0.601389 371008 0.881568 13251 0.75785 276 0.587234 
421949 2.4138e+06 0.913034 91678 0.803904 2097 0.695292 2.40675e+06 0.913245 98690 0.807518 2142 0.673162 
421961 1.79546e+06 0.918431 67429 0.824971 1473 0.716788 1.79062e+06 0.918481 72091 0.829586 1652 0.728395 
421968 1.89439e+06 0.923135 70341 0.841178 1612 0.747681 1.88999e+06 0.923188 74752 0.844512 1600 0.745921 
421969 564732 0.925963 20659 0.849431 482 0.755486 563330 0.925907 22096 0.854051 447 0.792553 
421975 1.33001e+06 0.889391 50688 0.734013 1344 0.610632 1.32777e+06 0.889023 53067 0.745711 1206 0.604208 
421976 2.812e+06 0.905639 106045 0.783632 2538 0.659735 2.80721e+06 0.905628 110956 0.788174 2420 0.663014 
421988 1.09857e+06 0.911403 40891 0.797282 920 0.670554 1.09589e+06 0.911222 43574 0.806463 917 0.689474 
421989 4.44743e+06 0.915491 163959 0.815692 3699 0.713404 4.44062e+06 0.915481 170912 0.819659 3555 0.702153 
421999 7.35264e+06 0.920999 265392 0.833677 5978 0.742424 7.33995e+06 0.921051 278333 0.836289 5726 0.734103 
422014 3.9516e+06 0.92799 138466 0.854017 3024 0.772809 3.94665e+06 0.927868 143564 0.859073 2878 0.77616 
422018 1.11398e+07 0.932222 385238 0.868857 8275 0.78832 1.1123e+07 0.93222 402492 0.871272 7803 0.78858 
422020 1.23503e+06 0.933312 42235 0.873563 883 0.823694 1.23335e+06 0.933438 43975 0.873178 826 0.794231 
422040 162063 0.88175 6082 0.71764 157 0.525084 162190 0.880831 5985 0.729344 127 0.547414 
422041 131273 0.88515 4782 0.716512 133 0.59375 131210 0.884236 4893 0.734905 85 0.537975 
422043 195108 0.889762 6907 0.729818 176 0.577049 194821 0.889236 7224 0.743899 146 0.581673 
422045 668264 0.893321 23523 0.751918 533 0.615473 667826 0.892997 24004 0.759716 490 0.633894 
422050 114257 0.896562 4005 0.757375 92 0.62585 114282 0.896006 3978 0.764706 94 0.746032 
422051 1.19816e+06 0.899398 41529 0.774621 925 0.67716 1.1977e+06 0.899484 42069 0.774808 841 0.639058 
422053 512623 0.910838 18167 0.802323 432 0.694534 512325 0.910708 18531 0.806327 366 0.690566 
422054 4.42642e+06 0.914608 155413 0.815144 3361 0.704464 4.42376e+06 0.91452 158375 0.81848 3061 0.699977 
422055 2.62287e+06 0.916492 91235 0.826277 1944 0.727545 2.6222e+06 0.916483 92084 0.827037 1772 0.721205 
422057 3.88419e+06 0.921363 133472 0.837193 2831 0.742655 3.8817e+06 0.9213 136132 0.839751 2657 0.750565 
422064 2.63339e+06 0.905767 91856 0.783634 2085 0.663168 2.63268e+06 0.905468 92795 0.79039 1861 0.667983 
422066 332792 0.91406 11595 0.810839 259 0.711538 332745 0.913959 11692 0.813526 209 0.689769 
422067 4.17294e+06 0.917857 142322 0.82298 2972 0.710155 4.1696e+06 0.917772 145787 0.826251 2851 0.731588 
422068 1.87802e+06 0.922138 63267 0.83234 1356 0.732181 1.87632e+06 0.921916 65090 0.839275 1232 0.741722 
422070 7.53729e+06 0.931199 248606 0.867499 4962 0.796852 7.53284e+06 0.93107 253268 0.871904 4751 0.793951 
422074 1.16899e+06 0.937326 37958 0.884472 762 0.827362 1.16803e+06 0.937101 38988 0.892174 692 0.803717 
422075 4.97197e+06 0.937503 161477 0.886126 3310 0.814669 4.96818e+06 0.937347 165519 0.891046 3055 0.827241 
422084 877493 0.939787 28260 0.892383 527 0.826019 877014 0.939681 28736 0.895761 530 0.839937 
422085 9.39816e+06 0.939557 302195 0.894097 5988 0.841484 9.39132e+06 0.939468 309369 0.897502 5659 0.839739 
422123 335422 0.900191 11509 0.750212 244 0.596577 335415 0.899759 11508 0.757803 252 0.641221 
422124 2.61659e+06 0.909597 90521 0.79371 1905 0.669596 2.61705e+06 0.909793 90150 0.789204 1814 0.653458 
422135 8.01447e+06 0.921341 276284 0.83038 5986 0.738101 8.01373e+06 0.921397 277753 0.829708 5261 0.710274 
422141 6.88359e+06 0.926376 232856 0.849176 4923 0.762192 6.88343e+06 0.92646 233551 0.84736 4391 0.74323 
422147 6.4243e+06 0.92884 215131 0.858566 4448 0.775048 6.42431e+06 0.928891 215539 0.857307 4026 0.765982 
422148 3.62932e+06 0.929716 114924 0.863428 2340 0.800547 3.62412e+06 0.929946 120189 0.860718 2271 0.772712 
422200 842497 0.899412 30514 0.75414 700 0.608167 843649 0.898846 29494 0.760213 568 0.601058 
422201 2.85008e+06 0.907612 99325 0.780777 2211 0.664163 2.85293e+06 0.907429 96764 0.78142 1921 0.653846 
422202 4.56176e+06 0.915747 155178 0.808215 3471 0.706205 4.56578e+06 0.915549 151760 0.810052 2861 0.698486 
422203 1.11401e+07 0.924034 370819 0.833428 7918 0.734645 1.11489e+07 0.923933 363159 0.833675 6697 0.729759 
422205 6.94119e+06 0.928314 230790 0.846271 4888 0.761964 6.94562e+06 0.928203 227050 0.847651 4191 0.749598 
422255 5.21619e+06 0.896344 180991 0.742226 4203 0.593644 5.22362e+06 0.895831 174466 0.746375 3298 0.59402 
422256 8.91738e+06 0.908828 300672 0.782817 6479 0.651221 8.92575e+06 0.908542 293176 0.785443 5606 0.661397 
422260 1.2592e+07 0.916888 409451 0.812127 8441 0.704003 1.26042e+07 0.916719 398497 0.813226 7213 0.698258 
422262 1.12522e+07 0.922058 357747 0.829435 7356 0.738258 1.12618e+07 0.921883 349396 0.831622 6127 0.726378 
422263 4.4221e+06 0.924773 139294 0.838075 2801 0.742971 4.42603e+06 0.924593 135722 0.840093 2452 0.753998 
422266 4.93885e+06 0.882205 175528 0.696197 4609 0.540455 4.95291e+06 0.880765 162865 0.708898 3207 0.553982 
422267 2.51734e+06 0.895647 85043 0.741484 1937 0.596367 2.52232e+06 0.894959 80528 0.747061 1467 0.607453 
422268 9.35012e+06 0.903272 305666 0.768374 6722 0.646098 9.36313e+06 0.902897 293996 0.771277 5384 0.646416 
422269 1.30199e+07 0.909757 420891 0.785196 9590 0.658971 1.30462e+07 0.90905 397131 0.794075 7049 0.677398 
422272 1.24439e+07 0.916062 386174 0.810898 7919 0.710798 1.24594e+07 0.915813 372020 0.813244 6520 0.705246 
422273 6.7991e+06 0.91659 213583 0.805964 4916 0.681169 6.81368e+06 0.915647 200473 0.822403 3449 0.704453 
422298 8.48712e+06 0.912759 265510 0.790959 5410 0.674311 8.49956e+06 0.912469 254093 0.792765 4396 0.66455 
422305 1.23702e+07 0.918881 377312 0.812418 7550 0.706598 1.23865e+07 0.918651 362181 0.813906 6321 0.706257 
422314 1.30199e+07 0.923048 392632 0.826623 7849 0.731773 1.30382e+07 0.922838 375660 0.827932 6481 0.729842 
422319 1.00635e+06 0.924941 29969 0.835513 597 0.743462 1.00743e+06 0.924718 29013 0.838163 476 0.755556 
422322 1.16583e+07 0.927307 346596 0.842266 6865 0.754064 1.16734e+07 0.927132 332758 0.843497 5624 0.753181 
422323 1.06082e+07 0.930068 313365 0.852003 6220 0.771712 1.06214e+07 0.929892 301383 0.853962 4973 0.758658 
422324 9.84945e+06 0.93213 293343 0.857502 5619 0.77386 9.861e+06 0.93201 282713 0.857923 4703 0.775049 
422531 661577 0.894372 23590 0.728311 568 0.618063 663548 0.893758 21789 0.728607 398 0.576812 
422540 1.52123e+06 0.905806 52622 0.766604 1225 0.640355 1.5247e+06 0.905387 49446 0.767259 929 0.619746 
422543 4.22552e+06 0.911693 144316 0.788457 3124 0.666098 4.23481e+06 0.911333 135656 0.788386 2489 0.685675 
422553 8.59688e+06 0.920051 288544 0.814721 6020 0.710492 8.61563e+06 0.919712 270884 0.816449 4935 0.702291 
422562 915803 0.92635 29838 0.836759 624 0.738462 917337 0.926163 28455 0.836321 473 0.758013 
422566 1.19729e+07 0.928172 385402 0.843676 7672 0.755937 1.19948e+07 0.927976 364907 0.844282 6303 0.744068 
422575 2.12164e+06 0.930962 67793 0.854677 1412 0.763656 2.12617e+06 0.930858 63577 0.851759 1099 0.779986 
422611 2.22308e+06 0.878343 95689 0.660494 4441 0.508356 2.25065e+06 0.871037 71172 0.723793 1397 0.580391 
422613 1.40471e+07 0.914924 459442 0.787926 10112 0.663343 1.40704e+07 0.914437 438342 0.792865 7903 0.668386 
422614 5.03286e+06 0.92123 159288 0.810539 3331 0.710841 5.03886e+06 0.920851 153892 0.81626 2734 0.697983 
422615 2.34223e+06 0.925921 72834 0.830907 1464 0.746177 2.34612e+06 0.925663 69296 0.833285 1113 0.717139 
422618 1.20401e+07 0.928433 368167 0.839129 7332 0.740157 1.2056e+07 0.928236 353553 0.840404 6067 0.747997 
422633 4.87439e+06 0.926261 194718 0.851606 4572 0.752221 4.8493e+06 0.926329 219288 0.858451 5096 0.753958 
422640 803338 0.926451 32140 0.849837 743 0.762834 799498 0.926273 35926 0.861328 797 0.750471 
422643 6.08173e+06 0.927853 241583 0.857325 5789 0.771764 6.05184e+06 0.927942 270969 0.863036 6301 0.771803 
422756 5.26505e+06 0.891013 232286 0.743596 6207 0.599826 5.24404e+06 0.891045 253188 0.753774 6319 0.594506 
422758 5.59809e+06 0.903231 235508 0.780601 5993 0.656983 5.5738e+06 0.90333 259297 0.789406 6495 0.65454 
422762 7.42081e+06 0.91208 307164 0.808867 7555 0.695929 7.38882e+06 0.912192 338518 0.815734 8194 0.701181 
422763 1.2903e+06 0.914182 53529 0.817237 1280 0.716284 1.28523e+06 0.914315 58422 0.822625 1449 0.720896 
422779 4.29143e+06 0.888475 187424 0.727098 5212 0.569804 4.27813e+06 0.888263 200898 0.738691 5038 0.574393 
422782 5.84639e+06 0.901477 243961 0.770979 6350 0.634746 5.82496e+06 0.901538 265309 0.779154 6437 0.634813 
422785 8.23058e+06 0.91117 335050 0.802375 8258 0.684459 8.19903e+06 0.911256 366116 0.809386 8743 0.684169 
423041 376224 0.876472 18865 0.708358 538 0.537463 375676 0.876366 19404 0.712989 547 0.551968 
423043 3.01512e+06 0.884263 150141 0.727561 4328 0.569174 3.00799e+06 0.883838 157276 0.738749 4328 0.57699 
423101 2.70616e+06 0.88031 130775 0.710591 3875 0.550583 2.71804e+06 0.879263 120058 0.711227 2702 0.531158 
423109 563906 0.886894 27067 0.727295 776 0.582583 565785 0.885805 25365 0.733326 599 0.567235 
423110 4.69342e+06 0.893621 222238 0.751256 6266 0.595062 4.70678e+06 0.89275 210069 0.755829 5079 0.609358 
423132 1.27665e+06 0.900688 59134 0.773499 1580 0.644635 1.27863e+06 0.90014 57392 0.778883 1344 0.623666 
423149 3.03322e+06 0.909343 137360 0.804465 3605 0.685101 3.03626e+06 0.909094 134832 0.806407 3099 0.679903 
423220 4.57186e+06 0.883242 216032 0.711643 6426 0.542966 4.5795e+06 0.882037 209597 0.722143 5222 0.553765 
423263 4.41635e+06 0.879419 206460 0.704298 6006 0.53938 4.41953e+06 0.87865 204209 0.711483 5079 0.549319 
423268 4.84031e+06 0.893772 215047 0.750082 5861 0.608998 4.84024e+06 0.89339 215822 0.755666 5150 0.607598 
423275 1.30163e+06 0.900854 55671 0.772447 1417 0.641467 1.30093e+06 0.900865 56541 0.773253 1250 0.638407 
423278 4.67403e+06 0.905053 197436 0.787291 4909 0.66159 4.67138e+06 0.904925 200339 0.790985 4647 0.65377 
423290 6.19335e+06 0.911052 254570 0.805464 6340 0.691913 6.1858e+06 0.910968 262639 0.809657 5821 0.685065 
423301 3.7392e+06 0.901188 151119 0.804526 3576 0.681792 3.73854e+06 0.901587 152017 0.796823 3341 0.685615 
423311 357485 0.903452 14228 0.806622 354 0.71371 357377 0.903848 14369 0.800056 321 0.685897 
423377 5.50822e+06 0.900621 231904 0.762386 5900 0.619813 5.50295e+06 0.900509 237506 0.76668 5573 0.618329 
423424 5.95776e+06 0.901559 249784 0.772216 6318 0.635103 5.95062e+06 0.901426 257316 0.777376 5925 0.634097 
423432 2.15977e+06 0.910446 88362 0.800417 2110 0.683955 2.1568e+06 0.910119 91381 0.809283 2064 0.693083 
423433 6.24127e+06 0.912025 251146 0.808802 6163 0.708147 6.23369e+06 0.911959 259173 0.812934 5712 0.694806 
423546 354164 0.873401 15256 0.677352 438 0.542079 354570 0.872146 14941 0.690977 347 0.526555 
423547 5.22134e+06 0.885126 221999 0.720629 5758 0.567514 5.21595e+06 0.884881 227928 0.727561 5220 0.55597 
423548 6.38445e+06 0.896297 266018 0.758277 6589 0.61499 6.37712e+06 0.896223 273632 0.762306 6301 0.619567 
423549 551534 0.901463 22867 0.774627 558 0.67148 551028 0.901237 23421 0.78216 510 0.625767 
423550 3.34958e+06 0.903594 135595 0.780187 3406 0.666145 3.34425e+06 0.903424 141042 0.78746 3296 0.657884 
423553 6.79456e+06 0.907324 272885 0.79553 6673 0.679117 6.78568e+06 0.907222 282112 0.800356 6325 0.679231 
423576 740214 0.911159 29287 0.805097 682 0.693089 739056 0.910998 30470 0.8113 657 0.705693 
423579 9.19506e+06 0.913549 362679 0.816166 8578 0.705254 9.18036e+06 0.91347 377854 0.821059 8106 0.701636 
423632 5.34921e+06 0.887593 218959 0.738048 5310 0.586481 5.34464e+06 0.887461 223719 0.742192 5125 0.598995 
423652 5.58703e+06 0.89903 218478 0.771266 5287 0.638449 5.58012e+06 0.898895 225670 0.776606 5002 0.647927 
423663 8.43864e+06 0.904338 327628 0.790412 7754 0.666437 8.42859e+06 0.904193 338049 0.795795 7378 0.673544 
423664 1.238e+07 0.908348 473425 0.806967 11073 0.699981 1.23638e+07 0.908227 490428 0.812313 10335 0.696335 
423676 1.15713e+06 0.859239 49225 0.652973 1395 0.484375 1.1575e+06 0.858477 49103 0.661195 1151 0.48341 
423677 5.29656e+06 0.872002 215882 0.695064 5514 0.53586 5.29135e+06 0.871793 221523 0.701391 5086 0.531286 
423679 5.1073e+06 0.88714 198169 0.743635 4797 0.612175 5.10191e+06 0.887138 203932 0.747078 4425 0.597085 
423685 5.7516e+06 0.895375 218197 0.769106 5070 0.640799 5.74413e+06 0.895263 225822 0.774708 4911 0.641709 
423696 7.85087e+06 0.904373 290100 0.797899 6679 0.687635 7.83938e+06 0.904354 301967 0.802001 6296 0.677572 
423703 6.21433e+06 0.910256 224808 0.814652 5084 0.713945 6.2054e+06 0.910138 233902 0.820352 4919 0.715075 
423820 833107 0.835093 45122 0.577547 2917 0.426712 845164 0.822619 35162 0.656927 820 0.495768 
423826 5.18848e+06 0.880815 189655 0.713329 4368 0.566023 5.16744e+06 0.881186 210306 0.721434 4758 0.563744 
423828 6.35661e+06 0.892544 226182 0.750177 5059 0.618687 6.33128e+06 0.892781 251073 0.758171 5495 0.625284 
423839 7.82649e+06 0.901061 275496 0.777451 6070 0.65828 7.79539e+06 0.901333 306249 0.783586 6419 0.649894 
423843 8.1056e+06 0.907084 282253 0.795956 6065 0.680925 8.07523e+06 0.907327 312235 0.801083 6461 0.670994 
423844 2.09166e+06 0.910683 72094 0.806682 1545 0.702592 2.08361e+06 0.910838 80085 0.813203 1598 0.690878 
423845 3.99062e+06 0.912125 136645 0.811706 3062 0.711431 3.97578e+06 0.912247 151369 0.817999 3181 0.713549 
423856 4.95899e+06 0.882302 186145 0.707725 4403 0.552308 4.94641e+06 0.882311 198661 0.71637 4463 0.558643 
423860 6.06781e+06 0.895315 222812 0.752542 5072 0.616807 6.0518e+06 0.895308 238739 0.76064 5159 0.623595 
423865 8.41476e+06 0.906343 303875 0.785706 6636 0.653729 8.39357e+06 0.906422 324975 0.791024 6721 0.654941 
423867 1.2472e+07 0.912647 441749 0.805772 9632 0.691557 1.24372e+07 0.912664 476339 0.812165 9839 0.701133 
423868 1.1262e+07 0.914997 449758 0.823461 10493 0.714782 1.12029e+07 0.915035 507489 0.832566 11939 0.723795 
424038 2.94315e+06 0.866402 131293 0.682215 3494 0.512768 2.9297e+06 0.866737 144513 0.692424 3729 0.504123 
424039 1.14525e+06 0.874223 51282 0.706325 1324 0.540408 1.13928e+06 0.874801 57079 0.713737 1497 0.540238 
424040 4.02936e+06 0.881978 177595 0.727574 4645 0.57709 4.00948e+06 0.88233 197093 0.736565 5033 0.564364 
424051 6.24749e+06 0.893359 269304 0.759122 6854 0.626394 6.21854e+06 0.893567 297632 0.767704 7476 0.62124 
424052 3.3434e+06 0.90013 141179 0.779646 3499 0.647843 3.3273e+06 0.900287 156962 0.788255 3808 0.64806 
424053 1.8028e+06 0.904486 75429 0.791274 1922 0.675809 1.79447e+06 0.904591 83666 0.799973 2015 0.666336 
424055 7.86716e+06 0.909137 325866 0.806475 7929 0.683711 7.83128e+06 0.909245 361010 0.813854 8672 0.689842 
424060 3.68138e+06 0.882385 161346 0.711776 4168 0.548133 3.6651e+06 0.882542 177236 0.72281 4558 0.551015 
424061 6.80423e+06 0.892647 289647 0.745869 7423 0.596704 6.77251e+06 0.892883 320844 0.754815 7943 0.599607 
424062 6.59808e+06 0.901915 274386 0.777064 6763 0.651102 6.56663e+06 0.902057 305090 0.786454 7514 0.648653 
424063 3.3285e+06 0.906959 137348 0.794259 3415 0.669871 3.31327e+06 0.907152 152316 0.801355 3675 0.666364 
424189 3.94678e+06 0.887977 205490 0.761339 6926 0.65389 3.95606e+06 0.887838 197560 0.758673 5568 0.622888 
424190 7.24597e+06 0.893175 369091 0.778026 12116 0.667438 7.26477e+06 0.892599 353059 0.781394 9354 0.648323 
424193 8.30594e+06 0.902195 398028 0.804733 11603 0.70505 8.31794e+06 0.901987 387609 0.805542 10019 0.692877 
424194 9.39968e+06 0.907317 429944 0.823539 11240 0.736808 9.40303e+06 0.907325 427408 0.823337 10429 0.713631 
424195 7.62259e+06 0.909963 341566 0.834303 8783 0.747553 7.62341e+06 0.910032 341167 0.833041 8363 0.737283 
424227 2.19061e+06 0.902015 102472 0.797032 2753 0.693451 2.1912e+06 0.902227 102016 0.793961 2624 0.660957 
424255 2.88909e+06 0.878981 150237 0.73799 5069 0.619379 2.89672e+06 0.878976 143779 0.732244 3902 0.581174 
424257 1.00427e+06 0.884743 50011 0.754769 1478 0.636246 1.00569e+06 0.885 48763 0.749094 1298 0.588929 
424270 8.49911e+06 0.889672 411549 0.765995 11342 0.641371 8.50555e+06 0.889991 405760 0.76021 10684 0.614341 
424272 7.32939e+06 0.8975 335108 0.792053 8896 0.680174 7.3338e+06 0.897663 331125 0.788481 8473 0.662833 
424273 2.59409e+06 0.903544 115369 0.810443 2890 0.709899 2.59554e+06 0.903759 114107 0.80625 2703 0.680171 
424275 2.05734e+06 0.904313 90417 0.816053 2288 0.718593 2.05853e+06 0.904528 89338 0.811706 2177 0.69199 
424276 1.20905e+06 0.906637 52713 0.819288 1271 0.737239 1.20973e+06 0.906819 52028 0.815767 1281 0.707735 
424348 9.18265e+06 0.887469 398302 0.744735 9711 0.597784 9.17161e+06 0.887899 408797 0.74191 10248 0.585868 
424353 8.89082e+06 0.897168 375467 0.774587 8787 0.647579 8.87958e+06 0.897529 386373 0.772354 9121 0.626614 
424356 9.80202e+06 0.906006 402929 0.802312 9236 0.686232 9.78839e+06 0.906331 415987 0.800067 9812 0.669624 
424358 1.1979e+07 0.91258 483636 0.822457 10887 0.720612 1.19628e+07 0.912884 499550 0.819949 11201 0.697882 
424365 1.60507e+06 0.85378 74092 0.648883 2022 0.483154 1.60461e+06 0.853826 74687 0.649718 1889 0.465271 
424368 2.55236e+06 0.863283 115598 0.676879 2969 0.504932 2.5499e+06 0.863673 118022 0.67545 3014 0.492082 
424371 4.07337e+06 0.872492 179444 0.702638 4385 0.545873 4.07008e+06 0.872779 182648 0.701898 4478 0.526143 
424372 3.53438e+06 0.876944 153313 0.716664 3777 0.562305 3.53358e+06 0.877109 154255 0.715505 3628 0.540122 
424439 1.01393e+06 0.854786 46467 0.645868 1271 0.478179 1.01432e+06 0.85455 46174 0.648511 1180 0.449524 
424440 9.11767e+06 0.866822 405174 0.681799 10433 0.510921 9.11774e+06 0.866922 405599 0.680732 9938 0.496975 
424441 8.20727e+06 0.880875 348499 0.723773 8421 0.567376 8.20417e+06 0.881068 351505 0.721936 8510 0.567031 
424443 577069 0.887532 23585 0.747117 581 0.605208 576339 0.887776 24377 0.746982 519 0.579888 
424444 1.47651e+06 0.889183 60677 0.751734 1424 0.627313 1.47582e+06 0.889429 61351 0.749921 1436 0.596841 
424445 7.30077e+06 0.894212 295521 0.764572 6827 0.630262 7.29588e+06 0.894354 300222 0.764046 7017 0.627695 
424452 5.98185e+06 0.902341 236234 0.788053 5403 0.666379 5.978e+06 0.902501 240124 0.787008 5362 0.653265 
424557 7.3005e+06 0.871894 324715 0.693335 8274 0.521756 7.30463e+06 0.871758 321080 0.693302 7777 0.517225 
424584 7.60586e+06 0.905334 307713 0.794615 6993 0.675261 7.60305e+06 0.90541 310395 0.794398 7128 0.666417 
424585 3.97186e+06 0.908572 159047 0.807739 3602 0.698197 3.97049e+06 0.908701 160370 0.80641 3656 0.685543 
424626 7.40484e+06 0.868443 327167 0.683298 8518 0.518095 7.40849e+06 0.868254 323996 0.684353 8047 0.510435 
424627 367616 0.878145 15297 0.712615 379 0.569069 367491 0.878278 15449 0.711804 352 0.555205 
424629 8.95266e+06 0.886232 370513 0.734533 8776 0.591494 8.95308e+06 0.886279 370328 0.734309 8535 0.569418 
424644 8.90213e+06 0.894647 356608 0.760809 8310 0.629355 8.90037e+06 0.894722 358597 0.760347 8087 0.616622 
424671 4.78395e+06 0.902682 184503 0.793039 4063 0.67604 4.78174e+06 0.902884 186786 0.790619 3995 0.660221 
424751 9.91335e+06 0.883887 394098 0.723382 9287 0.578593 9.90612e+06 0.884046 401453 0.723599 9159 0.563978 
424754 5.64262e+06 0.904075 211339 0.788958 4609 0.667777 5.6385e+06 0.904223 215333 0.788185 4730 0.661816 
424755 9.28069e+06 0.910069 342872 0.807822 7256 0.696153 9.27282e+06 0.910198 350529 0.807581 7466 0.684389 
424756 2.50886e+06 0.914689 91350 0.825554 1886 0.713043 2.50668e+06 0.914928 93459 0.822652 1958 0.700787 
424759 750101 0.850945 31527 0.643539 803 0.471244 750075 0.851191 31561 0.640105 795 0.47491 
424760 8.56405e+06 0.865128 357215 0.679277 8498 0.512824 8.56356e+06 0.865287 357753 0.677652 8454 0.500118 
424761 9.9486e+06 0.879102 401212 0.722068 9421 0.577798 9.95104e+06 0.879333 399254 0.718047 8939 0.554769 
424763 9.1233e+06 0.890816 355478 0.754109 7966 0.617855 9.12218e+06 0.890986 356640 0.75197 7923 0.599365 
424817 9.08421e+06 0.87774 365769 0.704715 8443 0.546685 9.08716e+06 0.877868 362956 0.702127 8304 0.529491 
424827 4.43944e+06 0.896967 170701 0.767903 3707 0.631409 4.4393e+06 0.897125 170811 0.765663 3728 0.611749 
424836 8.82006e+06 0.908475 329731 0.806419 7132 0.69142 8.81907e+06 0.908649 330736 0.803325 7116 0.682328 
424877 7.58788e+06 0.857415 322303 0.658651 7768 0.482814 7.59072e+06 0.857541 319593 0.656068 7642 0.469093 
424880 8.20496e+06 0.882856 334883 0.716243 9843 0.548907 8.21924e+06 0.881053 323229 0.738065 7219 0.585815 
424881 1.04306e+07 0.900114 390671 0.774204 9046 0.637356 1.04252e+07 0.899892 396539 0.779668 8539 0.641644 
424885 8.77447e+06 0.912452 316758 0.814372 6879 0.712924 8.7643e+06 0.912604 326963 0.814461 6848 0.691089 
424886 676594 0.915986 24293 0.826517 492 0.714078 676153 0.916182 24717 0.824037 509 0.702069 
425006 1.57734e+06 0.876365 63030 0.700388 1496 0.536585 1.57514e+06 0.876878 65232 0.698513 1497 0.505914 
425008 9.82076e+06 0.887457 387508 0.731009 9017 0.58073 9.81005e+06 0.887734 398183 0.730482 9051 0.564136 
425011 8.90208e+06 0.897604 341521 0.764647 7992 0.640179 8.89343e+06 0.897761 350404 0.765151 7758 0.618759 
425016 9.94316e+06 0.906996 370679 0.793686 8173 0.668822 9.93316e+06 0.907099 380481 0.794599 8376 0.659631 
425078 2.32713e+06 0.865159 92183 0.668637 2329 0.515608 2.32404e+06 0.865486 95295 0.669573 2309 0.496239 
425079 9.23054e+06 0.876568 352738 0.699831 8104 0.548049 9.21397e+06 0.876895 368958 0.701692 8446 0.533712 
425080 5.7286e+06 0.889743 210937 0.738852 4637 0.601349 5.72022e+06 0.889922 219080 0.740851 4878 0.594226 
425152 9.09044e+06 0.871798 419691 0.685674 11889 0.523191 9.08843e+06 0.871663 422426 0.688351 11165 0.511663 
425168 429460 0.899464 18761 0.768232 466 0.611549 429107 0.899341 19108 0.771791 472 0.62766 
425171 1.04638e+07 0.905714 448720 0.787875 11643 0.666114 1.04558e+07 0.905783 456983 0.788937 11363 0.650578 
425172 979310 0.90956 41468 0.802539 1038 0.672715 978594 0.909625 42203 0.803178 1019 0.66471 
425173 2.40543e+06 0.911502 101870 0.806118 2583 0.690088 2.4035e+06 0.911618 103930 0.80639 2454 0.666124 
425212 1.06348e+06 0.865589 49157 0.67104 1349 0.506381 1.06276e+06 0.86595 49907 0.66947 1323 0.486218 
425213 9.21914e+06 0.879416 407808 0.71772 10718 0.573216 9.2121e+06 0.879621 415156 0.717868 10411 0.547342 
425214 6.83819e+06 0.888814 295422 0.746949 7459 0.606078 6.83238e+06 0.889039 301381 0.746155 7307 0.590226 
425215 3.63074e+06 0.893622 152949 0.761482 3904 0.629881 3.62652e+06 0.89386 157172 0.760836 3909 0.621463 
425286 8.31515e+06 0.852182 389488 0.641572 10755 0.45995 8.31037e+06 0.852499 394535 0.640289 10491 0.446008 
425287 9.10948e+06 0.877738 404011 0.70899 10573 0.557119 9.10159e+06 0.877861 412094 0.710354 10383 0.542476 
425288 4.96898e+06 0.888562 213367 0.741929 5371 0.592237 4.96581e+06 0.888699 216739 0.742018 5168 0.574861 
425289 6.87388e+06 0.896174 290403 0.762597 7243 0.636244 6.86936e+06 0.896401 294887 0.761158 7275 0.618938 
425290 653827 0.900537 27212 0.771862 646 0.631476 653222 0.900576 27807 0.774137 656 0.618285 
425292 1.01552e+07 0.906853 412773 0.791573 10321 0.677053 1.01449e+07 0.906821 423579 0.794918 9809 0.66277 
425293 2.32818e+06 0.911888 93238 0.805338 2283 0.693499 2.32552e+06 0.91188 96004 0.808802 2174 0.667076 
425294 1.95571e+06 0.91354 77271 0.808993 1842 0.688598 1.95263e+06 0.913545 80317 0.812095 1880 0.702541 
425295 1.19744e+07 0.914184 480088 0.808955 12261 0.686314 1.19691e+07 0.913682 486707 0.818847 10969 0.703592 
425296 1.06487e+07 0.921361 417451 0.831524 9989 0.723264 1.06393e+07 0.921131 427033 0.837669 9727 0.732179 
425377 1.59392e+06 0.844908 71799 0.615946 1882 0.434141 1.59065e+06 0.845807 74986 0.614211 1966 0.419279 
425378 9.85668e+06 0.862332 427318 0.661614 11075 0.501154 9.84248e+06 0.862929 441108 0.659843 11486 0.481836 
425395 1.6468e+06 0.849292 72009 0.622447 1921 0.455429 1.64522e+06 0.849805 73608 0.620573 1908 0.440748 
425397 9.93133e+06 0.866152 420795 0.668468 10721 0.508297 9.91549e+06 0.866666 436401 0.668135 10949 0.486644 
425403 7.18042e+06 0.883782 292763 0.719051 7205 0.569971 7.1717e+06 0.884138 301478 0.718042 7204 0.551397 
425409 9.58797e+06 0.894462 378529 0.750664 8881 0.621223 9.57474e+06 0.894889 391698 0.748455 8945 0.59164 
425412 6.579e+06 0.899963 254848 0.767557 5870 0.639294 6.56926e+06 0.900289 264420 0.766539 6030 0.621073 
425413 1.04334e+07 0.905896 394623 0.784841 9080 0.668975 1.04167e+07 0.906231 411208 0.783441 9223 0.648639 
425420 840864 0.84838 36147 0.626638 940 0.462371 839776 0.849176 37255 0.623139 920 0.429706 
425422 7.51556e+06 0.868691 307365 0.672239 7724 0.519121 7.50503e+06 0.869246 318029 0.670937 7593 0.482493 
425423 7.1646e+06 0.887016 277992 0.726873 6528 0.582026 7.15409e+06 0.88745 288346 0.725038 6676 0.568074 
425424 9.64863e+06 0.895621 364801 0.7531 8224 0.620071 9.63556e+06 0.896029 377658 0.750653 8434 0.600413 
425425 5.79022e+06 0.90111 216426 0.768266 4771 0.646039 5.78156e+06 0.901354 224849 0.769022 5001 0.621319 
425428 6.00621e+06 0.851444 250063 0.628365 6423 0.458197 5.99944e+06 0.852103 256889 0.625236 6372 0.438994 
425429 1.10282e+07 0.876288 425194 0.696786 10133 0.548976 1.10143e+07 0.87669 439006 0.695749 10233 0.528865 
425431 1.04952e+07 0.891198 388626 0.740241 8857 0.608478 1.04821e+07 0.891618 401672 0.737574 8914 0.586023 
425433 3.2385e+06 0.898593 116820 0.761966 2583 0.6348 3.23295e+06 0.898966 122157 0.760771 2794 0.623522 
425434 2.3394e+06 0.902135 85283 0.767272 1929 0.654786 2.33528e+06 0.902453 89377 0.767672 1952 0.620273 
425439 1.30407e+07 0.905644 470326 0.781553 10184 0.660784 1.30218e+07 0.905966 488695 0.780006 10652 0.642577 
425553 1.83621e+06 0.835348 76672 0.585144 2065 0.420399 1.83606e+06 0.835921 76962 0.579695 1924 0.395641 
425564 1.05001e+06 0.868001 41346 0.672282 983 0.520106 1.04851e+06 0.868675 42869 0.669169 962 0.481964 
425566 1.93697e+06 0.871363 75170 0.683177 1771 0.537481 1.93509e+06 0.872025 77024 0.677527 1792 0.515239 
425583 509048 0.897089 18188 0.765005 431 0.667183 508376 0.897539 18868 0.761236 423 0.633234 
425688 606565 0.854911 25037 0.633704 606 0.470862 606739 0.855432 24826 0.62635 643 0.462923 
425691 2.14548e+06 0.871351 82306 0.677354 2026 0.527879 2.14374e+06 0.871815 84152 0.674073 1914 0.502758 
425692 1.12253e+07 0.878769 425170 0.701403 9958 0.556499 1.12196e+07 0.879157 431163 0.697933 9699 0.525606 
425693 3.53115e+06 0.888868 129390 0.731877 2765 0.581371 3.52879e+06 0.889382 131541 0.725479 2980 0.574181 
425694 2.98277e+06 0.891227 108082 0.740597 2421 0.595133 2.98071e+06 0.891614 110095 0.735855 2463 0.593637 
426112 900763 0.837203 33642 0.622228 829 0.478637 898930 0.837997 35465 0.621234 839 0.437435 
426113 219476 0.846228 8017 0.654502 197 0.5427 219137 0.847178 8359 0.648538 194 0.468599 
426114 942883 0.859308 33583 0.681321 755 0.539286 940675 0.860046 35738 0.679223 808 0.510423 
426115 2.57742e+06 0.884354 108850 0.742168 2583 0.59475 2.57621e+06 0.884735 110010 0.737644 2636 0.58656 
426116 2.89692e+06 0.892549 120463 0.764582 2837 0.635529 2.89558e+06 0.892964 121684 0.759154 2957 0.623577 
426117 1.0772e+06 0.895701 44561 0.776378 1042 0.64321 1.07716e+06 0.896045 44551 0.770472 1082 0.640995 
426252 303504 0.816844 13422 0.58124 414 0.428128 303461 0.816814 13500 0.582499 379 0.411063 
426273 1.86012e+06 0.884345 75287 0.739006 1767 0.599389 1.85711e+06 0.884865 78187 0.736113 1873 0.578265 
426281 6.61825e+06 0.890668 266455 0.75389 6302 0.617601 6.60815e+06 0.891119 276297 0.751152 6558 0.60132 
426282 1.36101e+06 0.89422 54129 0.765756 1226 0.620759 1.35875e+06 0.894568 56260 0.763665 1359 0.643161 
426283 3.15897e+06 0.895947 125930 0.766506 2894 0.63451 3.15476e+06 0.896056 130014 0.76874 3025 0.622684 
426307 3.51151e+06 0.860638 154286 0.662672 4015 0.489993 3.51062e+06 0.860924 155282 0.660277 3915 0.475525 
426308 1.02707e+06 0.856356 43078 0.681215 1093 0.551463 1.02836e+06 0.856762 41929 0.672521 957 0.493045 
426313 1.73782e+06 0.823098 71666 0.669619 1661 0.528812 1.75073e+06 0.823807 59145 0.631297 1275 0.48516 
426315 5.44213e+06 0.890618 220892 0.745142 5097 0.608888 5.4365e+06 0.891067 226365 0.741733 5251 0.582022 
426316 2.35268e+06 0.894142 94331 0.757065 2146 0.621309 2.35038e+06 0.894468 96579 0.754865 2202 0.603784 
426319 2.6993e+06 0.898256 106984 0.767361 2464 0.636693 2.69688e+06 0.898534 109346 0.765734 2520 0.613288 
426320 1.99486e+06 0.901311 78961 0.776839 1826 0.663036 1.9934e+06 0.901589 80425 0.774792 1821 0.628581 
426353 1.08716e+06 0.8327 50000 0.606958 1383 0.427908 1.08755e+06 0.833385 49707 0.598447 1286 0.407736 
426365 3.48083e+06 0.883912 142726 0.736917 3273 0.59759 3.47918e+06 0.884645 144270 0.727545 3382 0.564325 
426366 8.91619e+06 0.892197 355391 0.759936 8226 0.634869 8.90993e+06 0.892838 361518 0.751839 8358 0.598582 
426378 8.47602e+06 0.899028 332466 0.780058 7410 0.656857 8.47118e+06 0.899686 336946 0.770111 7771 0.635457 
426383 2.08518e+06 0.902056 79424 0.78707 1766 0.68716 2.08348e+06 0.902715 81121 0.777759 1770 0.642702 
426391 1.24662e+07 0.908986 468566 0.80815 10315 0.704673 1.24572e+07 0.909628 477362 0.797905 10490 0.6676 
426394 4.31954e+06 0.91154 161842 0.815987 3456 0.710819 4.31713e+06 0.912088 164164 0.806663 3549 0.684079 
426397 7.06412e+06 0.825652 317464 0.577991 8546 0.396198 7.06653e+06 0.825788 315216 0.57552 8389 0.388092 
426401 7.7096e+06 0.850646 323319 0.642651 8089 0.472847 7.71044e+06 0.850996 322627 0.638064 7944 0.458634 
426406 8.67336e+06 0.863838 351400 0.677007 8306 0.518542 8.67376e+06 0.864061 351109 0.674013 8204 0.503807 
426407 6.57336e+06 0.871035 259600 0.697203 6039 0.54612 6.57471e+06 0.871239 258358 0.693877 5928 0.525579 
426408 4.7803e+06 0.875507 185531 0.711226 4257 0.566844 4.78024e+06 0.875825 185620 0.706464 4230 0.550423 
426409 1.53098e+06 0.877014 59191 0.716537 1347 0.579355 1.53112e+06 0.877118 59110 0.715081 1292 0.556177 
426442 4.71839e+06 0.808099 208523 0.541545 5590 0.35854 4.72059e+06 0.808256 206540 0.538396 5367 0.347919 
426443 571197 0.824808 24393 0.580026 626 0.403871 571950 0.825097 23667 0.57204 599 0.383483 
426444 5.89286e+06 0.837614 239571 0.610587 5902 0.445602 5.89576e+06 0.837882 236866 0.606099 5714 0.420116 
426445 7.5246e+06 0.850039 294944 0.644255 6963 0.486957 7.52843e+06 0.850342 291432 0.638758 6640 0.457994 
426450 8.65235e+06 0.860966 327402 0.67306 7570 0.5186 8.65345e+06 0.861231 326513 0.669114 7360 0.494823 
426460 8.54109e+06 0.871956 316741 0.703745 7111 0.564993 8.5446e+06 0.872172 313527 0.699113 6811 0.540942 
426461 1.51109e+06 0.876666 54994 0.715853 1151 0.569238 1.51167e+06 0.876996 54382 0.7088 1178 0.560685 
427013 4.20793e+06 0.881083 185937 0.712211 4664 0.554248 4.20641e+06 0.881277 187335 0.71117 4793 0.54146 
427019 1.73884e+06 0.899755 75742 0.773873 1828 0.632745 1.73716e+06 0.89993 77289 0.773447 1956 0.636719 
427020 6.76199e+06 0.902954 290906 0.782495 7272 0.662536 6.75378e+06 0.903124 298912 0.782964 7475 0.651246 
427021 2.68785e+06 0.908912 114427 0.800066 2721 0.684184 2.6841e+06 0.908978 118034 0.802576 2857 0.6705 
427024 2.72831e+06 0.912746 115304 0.812927 2817 0.708501 2.72502e+06 0.912944 118582 0.81264 2828 0.682762 
427025 4.33748e+06 0.914234 180617 0.818019 4259 0.711493 4.3309e+06 0.914395 186992 0.818374 4460 0.706143 
427026 6.85609e+06 0.916936 283840 0.825567 6696 0.723423 6.84667e+06 0.917096 293011 0.825462 6948 0.71762 
427027 2.3905e+06 0.918613 98124 0.831552 2331 0.724813 2.387e+06 0.918793 101618 0.831183 2336 0.71263 
427111 222865 0.80363 9786 0.547377 275 0.367156 222268 0.803738 10358 0.555776 300 0.38961 
427129 104396 0.862278 4282 0.692208 97 0.532967 104180 0.863325 4488 0.685295 107 0.49537 
427135 1.05908e+06 0.876981 42274 0.722188 1006 0.590376 1.0567e+06 0.877892 44575 0.715823 1082 0.560912 
427136 257690 0.87689 10162 0.723583 235 0.580247 256947 0.877701 10908 0.72119 232 0.524887 
427137 2.06044e+06 0.880215 80289 0.730504 1957 0.592671 2.05537e+06 0.88087 85284 0.728133 2032 0.567598 
427141 2.30075e+06 0.8952 85676 0.770849 1979 0.657039 2.29493e+06 0.89587 91376 0.766918 2096 0.61215 
427144 216916 0.79755 8804 0.532382 246 0.360704 216100 0.798407 9618 0.539912 248 0.344924 
427145 1.12308e+06 0.820728 44335 0.584925 1099 0.40749 1.12057e+06 0.821522 46772 0.585521 1176 0.392786 
427146 1.06172e+06 0.838061 40109 0.634014 1002 0.480115 1.05994e+06 0.839003 41960 0.628482 933 0.438028 
427147 1.67273e+06 0.860172 61274 0.679027 1441 0.533309 1.66902e+06 0.860778 64936 0.678792 1494 0.50473 
427148 2.80782e+06 0.876022 101288 0.713145 2348 0.574083 2.80134e+06 0.876494 107775 0.71421 2347 0.540037 
427149 1.95445e+06 0.880724 67996 0.728461 1525 0.596169 1.9499e+06 0.881285 72433 0.726728 1634 0.583571 
427233 136480 0.770186 5329 0.478195 152 0.320675 136193 0.77133 5607 0.477029 161 0.322645 
427239 181528 0.80677 6763 0.553709 172 0.386517 180957 0.807613 7330 0.557542 176 0.387665 
427241 1.43796e+06 0.822199 51558 0.588904 1251 0.434979 1.43451e+06 0.823028 54962 0.589816 1295 0.405829 
427243 1.44221e+06 0.83892 48990 0.628625 1124 0.483649 1.43852e+06 0.839767 52572 0.62768 1233 0.468643 
427244 2.12403e+06 0.855305 71459 0.665118 1632 0.532463 2.11892e+06 0.856095 76390 0.662762 1812 0.516828 
427262 1.37074e+06 0.800701 50183 0.533572 1341 0.385566 1.36858e+06 0.801764 52414 0.530093 1272 0.351478 
427264 115618 0.8189 4026 0.578947 89 0.386957 115471 0.82073 4171 0.559941 91 0.39738 
427360 1.27348e+06 0.801414 45155 0.535202 1075 0.375874 1.27105e+06 0.802833 47545 0.529531 1116 0.340244 
427361 963849 0.828319 32062 0.59708 751 0.451865 961347 0.829338 34555 0.596187 760 0.411478 
427362 49994 0.8307 1646 0.610761 37 0.445783 49875 0.831402 1763 0.614072 39 0.386139 
427363 642556 0.838333 20801 0.621538 495 0.50152 641063 0.839399 22308 0.617882 481 0.436479 
427366 112052 0.845044 3591 0.64726 85 0.534591 111778 0.846418 3868 0.637547 82 0.458101 
427367 245002 0.855445 7882 0.664027 185 0.522599 244431 0.856196 8469 0.661692 169 0.492711 
427373 1.52181e+06 0.863143 48197 0.683587 1014 0.533403 1.51849e+06 0.864159 51415 0.675065 1118 0.517114 
427377 190755 0.875039 5962 0.712732 120 0.6 190394 0.875967 6335 0.704515 108 0.5 
427380 3.16246e+06 0.880691 98393 0.728012 2054 0.616077 3.15585e+06 0.881414 104945 0.722478 2109 0.574659 
427383 803215 0.883577 24320 0.738671 470 0.576687 801559 0.884339 25913 0.729759 533 0.60158 
427384 871431 0.887873 26466 0.744577 548 0.638695 869583 0.88857 28272 0.739099 590 0.589411 
427385 2.22086e+06 0.89169 67273 0.758536 1288 0.657143 2.21558e+06 0.892406 72363 0.752582 1477 0.612863 
427388 1.42896e+06 0.816822 48047 0.562802 1101 0.402265 1.42625e+06 0.817954 50683 0.558054 1173 0.388668 
427389 1.46675e+06 0.810703 46572 0.595801 1047 0.451682 1.46336e+06 0.811489 49872 0.595089 1134 0.435317 
427390 1.45238e+06 0.857772 45527 0.657363 995 0.535522 1.44908e+06 0.858521 48732 0.656624 1090 0.490991 
427391 2.1662e+06 0.865023 66689 0.679758 1390 0.540225 2.16156e+06 0.865595 71211 0.679462 1503 0.521151 
427393 3.37708e+06 0.879423 102362 0.714684 1989 0.573364 3.36926e+06 0.88013 109939 0.71076 2238 0.5602 
427394 467095 0.879915 14139 0.722004 270 0.585683 466081 0.880307 15108 0.723459 315 0.57377 
427397 232213 0.806909 7689 0.533625 192 0.394251 231742 0.807984 8167 0.532156 185 0.359223 
427398 1.43504e+06 0.82698 45855 0.584498 1039 0.433097 1.43212e+06 0.828053 48765 0.580916 1045 0.390362 
427481 564249 0.787449 19144 0.504108 468 0.343865 563232 0.788559 20172 0.501928 457 0.316044 
427482 1.11401e+06 0.80685 36162 0.546857 813 0.393324 1.11174e+06 0.80794 38345 0.544225 898 0.373234 
427483 866093 0.822423 27294 0.583717 611 0.438937 864115 0.823586 29261 0.579483 622 0.402589 
427484 1.37072e+06 0.836829 41150 0.61635 827 0.457159 1.36748e+06 0.837656 44348 0.615637 860 0.427435 
427485 1.34078e+06 0.847462 39203 0.646509 824 0.516291 1.33794e+06 0.848273 41935 0.643116 926 0.492291 
427486 1.79536e+06 0.865762 51813 0.688435 1082 0.57158 1.79165e+06 0.866437 55527 0.685349 1078 0.530251 
427498 238324 0.791409 7691 0.505189 174 0.350806 237621 0.792265 8374 0.512893 194 0.320132 
427499 373377 0.804179 11923 0.535817 276 0.388186 372543 0.804868 12758 0.539953 275 0.357607 
427500 686499 0.817515 21654 0.576809 479 0.420175 684980 0.81889 23172 0.568736 480 0.399002 
427502 295792 0.828199 8941 0.596663 190 0.426966 295076 0.829042 9664 0.597428 183 0.380457 
427508 914921 0.840815 27135 0.630694 549 0.486271 913125 0.841694 28875 0.626668 605 0.44948 
427510 510624 0.846574 14851 0.649394 340 0.564784 509655 0.847448 15835 0.644853 325 0.477941 
427514 1.16921e+06 0.858549 33146 0.675539 654 0.548658 1.16721e+06 0.859091 35174 0.674452 628 0.484194 
427523 940867 0.810635 28817 0.551955 641 0.396168 938123 0.811947 31537 0.550913 665 0.362003 
427527 313432 0.841869 9047 0.621787 194 0.483791 312800 0.842504 9696 0.622816 177 0.427536 
427529 1.29731e+06 0.858358 36251 0.662445 768 0.541226 1.2944e+06 0.859033 39149 0.661044 777 0.521127 
427530 1.10993e+06 0.877173 31193 0.706907 640 0.581818 1.10726e+06 0.877594 33832 0.709772 669 0.554267 
427605 871767 0.782615 27999 0.490952 631 0.33054 869253 0.78358 30430 0.496508 714 0.320179 
427654 778195 0.797437 24356 0.523087 560 0.373333 776358 0.798738 26170 0.521377 583 0.331816 
427656 445940 0.814093 13754 0.566125 268 0.390102 444778 0.815599 14871 0.559081 313 0.382173 
427657 66153 0.823905 1936 0.576534 38 0.38 66012 0.825212 2068 0.567508 47 0.419643 
427658 144412 0.825353 4258 0.588365 100 0.49505 143946 0.825795 4729 0.600813 95 0.420354 
427660 582967 0.833086 17343 0.608847 337 0.459754 581515 0.834168 18720 0.605101 412 0.443488 
427661 721966 0.841609 21046 0.628802 476 0.53125 720743 0.842497 22294 0.624709 451 0.435749 
427662 689768 0.847374 19641 0.645109 363 0.487903 687941 0.848398 21441 0.640508 390 0.458284 
427670 475770 0.873991 13852 0.702292 282 0.585062 474989 0.874645 14584 0.697199 331 0.562925 
427671 294871 0.869252 8555 0.705334 164 0.569444 294414 0.870393 9026 0.689165 150 0.517241 
427672 285841 0.865335 7821 0.688832 159 0.623529 285228 0.866133 8441 0.684813 152 0.515254 
427673 96644 0.866475 2676 0.69833 60 0.612245 96453 0.867141 2862 0.693482 65 0.59633 
427674 138758 0.868894 3692 0.697525 74 0.569231 138231 0.869678 4204 0.697875 89 0.597315 
427708 366929 0.789168 11945 0.509338 289 0.354167 366067 0.79066 12809 0.505326 287 0.323198 
427709 61970 0.80245 1898 0.508711 44 0.40367 61705 0.802802 2152 0.531096 55 0.361842 
427710 1.35363e+06 0.815729 40916 0.563395 880 0.411023 1.35026e+06 0.81681 44254 0.562699 921 0.375612 
427711 967481 0.830644 28060 0.60348 629 0.474717 965260 0.831685 30276 0.600095 634 0.423231 
427712 556584 0.838215 16139 0.625276 311 0.465569 555888 0.839166 16810 0.615571 336 0.446215 
427713 1.32778e+06 0.846376 37330 0.642402 758 0.508384 1.3253e+06 0.84726 39752 0.636429 815 0.478286 
427805 426678 0.809822 13081 0.544022 260 0.381791 425695 0.810662 14050 0.546586 274 0.351282 
427806 352359 0.818296 10671 0.569636 230 0.393836 351707 0.819524 11325 0.561199 228 0.394464 
427807 411135 0.82465 12472 0.587941 275 0.454545 410818 0.826185 12784 0.569367 280 0.414815 
427810 96450 0.832866 2819 0.592227 53 0.441667 96129 0.832949 3132 0.611599 61 0.391026 
427811 1.04e+06 0.840549 29860 0.619155 604 0.476717 1.03737e+06 0.841341 32426 0.619278 669 0.469474 
427813 2.25748e+06 0.849116 64474 0.653616 1278 0.513047 2.25265e+06 0.850074 69236 0.64709 1352 0.479263 
427814 3.56113e+06 0.87348 101195 0.696432 2019 0.57934 3.55333e+06 0.874153 108887 0.693733 2131 0.546691 
427815 393676 0.874268 11042 0.70019 193 0.553009 392831 0.874863 11841 0.697473 239 0.577295 
427829 615009 0.879474 16756 0.712566 346 0.634862 613569 0.880071 18207 0.712073 335 0.556478 
427878 1.469e+06 0.808629 64673 0.560439 1825 0.390876 1.46784e+06 0.809081 65812 0.559512 1844 0.37725 
427879 1.54418e+06 0.830213 64820 0.61389 1702 0.456668 1.54348e+06 0.830759 65535 0.610207 1678 0.422564 
427881 218630 0.847429 8925 0.646739 221 0.466245 218461 0.84776 9084 0.644118 231 0.490446 
427882 191493 0.851296 7836 0.651805 202 0.510101 191256 0.851533 8099 0.654729 176 0.452442 
427883 28247 0.845415 1134 0.65587 23 0.433962 28202 0.846729 1164 0.640616 38 0.542857 
427885 965868 0.849626 38316 0.656827 929 0.502162 964650 0.85009 39516 0.655541 947 0.483657 
427886 2.09466e+06 0.866023 83002 0.694577 2010 0.549631 2.09225e+06 0.866323 85357 0.694858 2069 0.525127 
427887 355683 0.871911 14088 0.716108 347 0.608772 355466 0.87248 14287 0.710125 365 0.571205 
427963 1.32522e+06 0.793794 59384 0.534818 1685 0.366066 1.32459e+06 0.794489 60142 0.531243 1557 0.332479 
427964 952397 0.816227 40064 0.580503 1030 0.409869 951601 0.816734 40843 0.5793 1047 0.38422 
427965 1.34668e+06 0.831319 54578 0.616436 1406 0.456345 1.34503e+06 0.831777 56235 0.615694 1401 0.443074 
427968 44782 0.855173 1746 0.671538 43 0.488636 44739 0.856036 1784 0.661476 48 0.510638 
427970 2.18691e+06 0.874253 82929 0.709857 1910 0.562426 2.1819e+06 0.874734 87793 0.710242 2061 0.554181 
427974 1.23676e+06 0.800955 51129 0.550995 1318 0.381697 1.23394e+06 0.802454 53823 0.545651 1446 0.360778 
427975 206590 0.81778 8368 0.591127 197 0.385519 206240 0.818712 8703 0.585666 212 0.40613 
427977 549146 0.833816 21132 0.625633 522 0.474545 548038 0.835065 22239 0.617801 523 0.438758 
427979 81897 0.841782 3065 0.631828 71 0.503546 81604 0.842851 3343 0.632545 86 0.483146 
427980 1.38742e+06 0.84682 52834 0.660285 1236 0.497785 1.38497e+06 0.847759 55171 0.65319 1351 0.492347 
427982 148278 0.861155 5793 0.700145 133 0.521569 148135 0.862202 5937 0.687232 132 0.498113 
427984 1.58135e+06 0.865737 59148 0.698546 1362 0.546768 1.57866e+06 0.866457 61737 0.692693 1466 0.5503 
428166 136740 0.773644 6718 0.50168 198 0.318328 136711 0.774321 6735 0.497489 210 0.314843 
428168 211075 0.797879 9783 0.546109 281 0.382834 210966 0.798497 9885 0.543102 288 0.365482 
428169 1.29673e+06 0.81231 58765 0.584023 1611 0.407642 1.29614e+06 0.813055 59335 0.578286 1634 0.392788 
428171 138163 0.826922 6063 0.617665 179 0.457801 138045 0.827261 6186 0.617489 174 0.435 
428204 554413 0.789289 25499 0.535997 697 0.345563 553673 0.790261 26165 0.532068 771 0.348081 
428206 795374 0.828825 33104 0.621193 862 0.462446 794343 0.829865 34137 0.613732 860 0.435003 
428207 528469 0.837061 21853 0.642924 537 0.473128 527812 0.837797 22456 0.636959 591 0.488834 
428208 1.3403e+06 0.845337 53937 0.659264 1375 0.52361 1.33876e+06 0.846072 55462 0.653964 1388 0.49098 
428211 129327 0.857788 5054 0.678025 137 0.622727 129072 0.85834 5324 0.681516 122 0.476562 
428212 1.84698e+06 0.862351 73662 0.699206 1682 0.550033 1.84457e+06 0.862917 75937 0.695222 1809 0.536636 
428255 83971 0.78397 3551 0.508739 113 0.359873 83671 0.785157 3849 0.51416 115 0.326705 
428256 1.42078e+06 0.804598 59706 0.56223 1522 0.386589 1.41751e+06 0.805435 62772 0.563144 1728 0.378615 
428260 93296 0.820473 3795 0.601999 76 0.351852 92993 0.821268 4069 0.603172 105 0.41502 
428261 109955 0.829461 4293 0.605843 112 0.460905 109661 0.829659 4587 0.616532 112 0.407273 
428262 140056 0.831632 5602 0.628379 124 0.418919 139730 0.83185 5886 0.632971 166 0.477011 
428263 1.36485e+06 0.792621 58105 0.535313 1592 0.370491 1.36273e+06 0.793355 60194 0.53511 1627 0.35186 
428264 108980 0.811648 4452 0.5885 120 0.431655 108911 0.812981 4524 0.576673 117 0.386139 
428265 419180 0.817816 16761 0.590863 433 0.435176 418357 0.818073 17603 0.59651 414 0.406281 
428266 103792 0.820231 4105 0.600497 83 0.386047 103700 0.820632 4167 0.597419 113 0.452 
428267 154094 0.830525 6146 0.632891 143 0.46732 153928 0.831419 6299 0.624777 156 0.467066 
428268 227789 0.832155 9022 0.637147 204 0.460497 227918 0.833204 8880 0.620588 217 0.448347 
428269 1.36874e+06 0.839333 52282 0.647135 1268 0.495312 1.36695e+06 0.839829 54035 0.645533 1299 0.47565 
428272 1.38581e+06 0.856883 52056 0.68889 1222 0.546756 1.38384e+06 0.857393 54020 0.686483 1220 0.517168 
428273 891045 0.868045 33775 0.705763 798 0.562764 889706 0.868407 35106 0.705081 806 0.554333 
428318 63443 0.767564 2775 0.493772 82 0.314176 63350 0.769474 2859 0.482369 91 0.325 
428319 933936 0.787817 39355 0.536932 1009 0.352551 932096 0.788485 41085 0.537952 1119 0.358424 
428321 170583 0.807907 6894 0.582756 198 0.457275 170398 0.80852 7099 0.582841 178 0.377119 
428323 33020 0.81258 1326 0.590383 35 0.432099 32983 0.813311 1363 0.586994 35 0.402299 
428324 102870 0.817584 4124 0.609789 92 0.41629 102797 0.818526 4175 0.599082 114 0.457831 
428325 1.24278e+06 0.826495 47659 0.625192 1163 0.46933 1.24113e+06 0.827009 49279 0.623722 1186 0.452326 
428326 250504 0.834085 9367 0.645332 215 0.504695 249928 0.834805 9907 0.644148 251 0.492157 
428328 1.23292e+06 0.841377 46090 0.660258 1048 0.502879 1.23108e+06 0.841627 47896 0.662462 1087 0.490523 
428329 1.14186e+06 0.851408 41730 0.684267 925 0.553561 1.14012e+06 0.85179 43354 0.684216 1039 0.536951 
428331 653175 0.868299 24605 0.71995 559 0.602371 653100 0.868915 24659 0.711105 580 0.553964 
428377 1.46185e+06 0.814854 60241 0.593578 1559 0.433899 1.45939e+06 0.815679 62593 0.591147 1664 0.413725 
428379 1.42768e+06 0.830264 56259 0.632365 1329 0.471778 1.42435e+06 0.830892 59455 0.633518 1467 0.451941 
428381 810027 0.84802 31549 0.674081 735 0.505502 808201 0.848803 33297 0.670216 813 0.505597 
428382 232465 0.850912 9032 0.673075 213 0.523342 232070 0.851083 9380 0.676475 260 0.542797 
428384 300178 0.852827 11652 0.684888 293 0.56238 299664 0.853253 12159 0.684513 300 0.546448 
428385 2.19723e+06 0.861485 84984 0.702608 1876 0.558666 2.19312e+06 0.861836 88906 0.704005 2068 0.538542 
428386 1.48211e+06 0.866364 56932 0.71757 1304 0.577502 1.47902e+06 0.866923 59902 0.715256 1430 0.56701 
428431 357880 0.774253 15042 0.506465 435 0.377604 356600 0.775174 16278 0.515534 479 0.324306 
428432 422196 0.795153 17031 0.547867 487 0.416952 420972 0.796049 18289 0.552187 453 0.357256 
428433 1.23748e+06 0.813079 48343 0.593319 1242 0.445961 1.23441e+06 0.814197 51250 0.589419 1405 0.442659 
428446 1.34642e+06 0.841809 49454 0.663812 1136 0.520623 1.34316e+06 0.842408 52613 0.663719 1240 0.511551 
428447 327503 0.848302 11773 0.674207 263 0.507722 326785 0.848843 12471 0.674655 283 0.482112 
428448 1.67447e+06 0.865231 62307 0.714202 1477 0.593173 1.67082e+06 0.865712 65820 0.713504 1609 0.581706 
428451 53759 0.766267 2346 0.497455 64 0.342246 53722 0.766483 2370 0.497795 77 0.366667 
428452 830629 0.787583 34552 0.543228 882 0.366584 829330 0.788672 35795 0.538716 938 0.351442 
428453 593479 0.807566 23350 0.586816 610 0.441709 592252 0.808685 24558 0.581764 629 0.421299 
428454 121562 0.814 4706 0.604418 107 0.434959 121179 0.815136 5077 0.601255 119 0.447368 
428455 1.38644e+06 0.826483 52592 0.629784 1222 0.477344 1.38424e+06 0.827193 54712 0.626089 1295 0.467172 
428459 1.96816e+06 0.854571 72403 0.693456 1621 0.557236 1.96439e+06 0.855035 76016 0.69278 1779 0.546712 
428460 1.70691e+06 0.866461 63278 0.721331 1381 0.589164 1.7046e+06 0.86687 65491 0.719262 1477 0.566334 
428601 117672 0.816877 4667 0.585057 102 0.393822 117277 0.818168 5030 0.584884 134 0.387283 
428602 1.55238e+06 0.83046 59589 0.61847 1405 0.468177 1.54751e+06 0.831539 64223 0.618611 1635 0.429472 
428603 429375 0.851006 16372 0.665718 358 0.498607 428082 0.851904 17597 0.664313 426 0.488532 
428604 2.12591e+06 0.861132 78362 0.691712 1770 0.541284 2.11787e+06 0.862091 86062 0.690031 2109 0.539939 
428605 511843 0.873183 18842 0.718283 441 0.608276 510307 0.873632 20364 0.721974 455 0.561036 
428607 1.6454e+06 0.878608 59821 0.737193 1369 0.617223 1.64021e+06 0.879245 64875 0.736714 1505 0.586973 
428608 3.6538e+06 0.888717 131857 0.761497 2920 0.63881 3.64262e+06 0.889276 142842 0.76038 3116 0.6201 
428609 1.08988e+06 0.892602 39174 0.773273 823 0.653175 1.08635e+06 0.893114 42534 0.77305 989 0.639715 
428610 1.20938e+06 0.894548 43740 0.778209 939 0.67945 1.20618e+06 0.895084 46819 0.775444 1058 0.664156 
428613 529833 0.805045 21386 0.56068 542 0.398529 527672 0.806568 23478 0.562388 611 0.364124 
428614 1.41118e+06 0.82507 54614 0.607612 1304 0.442784 1.40726e+06 0.826111 58375 0.60604 1454 0.428151 
428615 52241 0.834068 2033 0.647658 57 0.53271 52290 0.836346 1989 0.613889 52 0.440678 
428616 1.42914e+06 0.848098 53262 0.666041 1261 0.520859 1.42624e+06 0.848835 56074 0.663017 1352 0.501298 
428617 3.2649e+06 0.875004 120489 0.726087 2652 0.584527 3.25834e+06 0.875605 126797 0.722997 2905 0.563094 
428618 1.66656e+06 0.879077 60039 0.739697 1362 0.625919 1.66304e+06 0.879573 63459 0.738264 1465 0.595528 
428710 532175 0.805958 20905 0.558673 490 0.379845 530002 0.807761 23000 0.557549 568 0.350401 
428713 1.59594e+06 0.830436 59352 0.611359 1404 0.456437 1.58988e+06 0.831641 65156 0.611564 1654 0.44909 
428714 1.43103e+06 0.852593 59255 0.668966 1496 0.510232 1.4304e+06 0.852934 59884 0.666244 1496 0.493078 
428715 1.71736e+06 0.874999 72643 0.72045 1788 0.57529 1.71721e+06 0.875238 72783 0.717887 1790 0.550769 
428717 1.80032e+06 0.879224 73552 0.731686 1841 0.612035 1.80029e+06 0.879544 73657 0.727319 1761 0.580422 
428728 28524 0.781265 1397 0.495742 40 0.310078 28577 0.779706 1342 0.499628 42 0.35 
428730 80201 0.791444 3844 0.536198 99 0.34375 80313 0.792393 3729 0.52205 102 0.346939 
428733 72912 0.801927 3328 0.558108 110 0.429688 72865 0.803168 3386 0.551376 99 0.357401 
428734 296129 0.808376 13538 0.569805 385 0.404412 296291 0.80941 13372 0.556448 389 0.410338 
428735 1.41717e+06 0.824181 63334 0.6048 1656 0.42516 1.41798e+06 0.824453 62507 0.600077 1676 0.41516 
428736 1.50055e+06 0.845324 63753 0.654703 1599 0.482207 1.50113e+06 0.845627 63253 0.648742 1520 0.483461 
428737 45399 0.863427 1887 0.686681 69 0.650943 45328 0.863062 1969 0.701461 58 0.542056 
428738 512639 0.861635 21526 0.696116 564 0.560636 512650 0.861934 21567 0.692649 512 0.51927 
428739 1.42358e+06 0.874634 59562 0.72192 1496 0.576271 1.4244e+06 0.875002 58815 0.714277 1421 0.567719 
428754 107765 0.818038 4713 0.585466 121 0.403333 107681 0.81753 4788 0.593971 130 0.419355 
428755 387589 0.824182 16732 0.607024 463 0.463928 387719 0.824848 16686 0.59972 379 0.394381 
428757 1.43488e+06 0.838056 60103 0.63686 1578 0.488545 1.43465e+06 0.838494 60363 0.632849 1546 0.456316 
428758 94359 0.847181 3851 0.656607 99 0.469194 94145 0.847268 4062 0.662211 102 0.495146 
428759 1.34984e+06 0.854844 56306 0.681621 1449 0.544737 1.35151e+06 0.85508 54728 0.675496 1359 0.497256 
428760 840376 0.872762 35112 0.722618 851 0.56395 841901 0.872752 33598 0.715673 840 0.602151 
428762 324571 0.879067 13743 0.736653 321 0.576302 325034 0.879043 13284 0.73287 317 0.576364 
428763 559581 0.882559 23694 0.749715 566 0.59267 560694 0.882724 22601 0.740701 546 0.603982 
428771 248895 0.790404 11787 0.528115 358 0.348249 249529 0.790795 11215 0.515158 296 0.317938 
428772 352914 0.806638 15921 0.559495 435 0.38225 353225 0.806979 15595 0.552524 450 0.385274 
428891 210954 0.817724 9591 0.593539 258 0.408228 211321 0.818024 9229 0.582602 253 0.424497 
428892 69055 0.823485 3103 0.599961 91 0.450495 69045 0.823366 3124 0.603322 80 0.408163 
428893 1.10692e+06 0.83329 48345 0.628723 1281 0.469919 1.10825e+06 0.833752 47100 0.618833 1194 0.450906 
428894 1.7178e+06 0.857172 73110 0.679379 1894 0.532921 1.71903e+06 0.857395 71935 0.674566 1832 0.508042 
428896 1.22307e+06 0.873844 51788 0.716809 1314 0.575558 1.22403e+06 0.873878 50993 0.714408 1150 0.545024 
428898 244677 0.872307 10415 0.725531 259 0.583333 245017 0.873037 10086 0.709532 248 0.578089 
428929 1.29319e+06 0.790839 59911 0.536049 1750 0.361346 1.29384e+06 0.791223 59352 0.531076 1659 0.344048 
428930 691949 0.821605 29922 0.603558 841 0.454104 692331 0.822259 29645 0.596071 736 0.387572 
428931 1.29898e+06 0.841463 54410 0.650316 1409 0.499291 1.29951e+06 0.842203 53955 0.639914 1339 0.460929 
428933 2.01604e+06 0.866027 83103 0.708895 2013 0.556385 2.01673e+06 0.866611 82400 0.698945 2034 0.544433 
428934 266982 0.874539 11268 0.736663 241 0.57381 267355 0.875022 10878 0.723608 258 0.607059 
429007 496812 0.824364 23140 0.598784 630 0.418883 497938 0.823788 22080 0.59708 564 0.4084 
429010 612459 0.784948 30390 0.520519 935 0.334406 613613 0.784774 29325 0.514591 846 0.331895 
429014 657390 0.81848 31107 0.595065 847 0.407212 658370 0.818522 30102 0.589369 872 0.410546 
429016 618260 0.836479 27714 0.634449 799 0.487492 619170 0.836869 26898 0.625928 705 0.439252 
429017 644153 0.848268 28072 0.663139 730 0.503448 644445 0.848533 27755 0.658404 755 0.496711 
429022 85733 0.767 4422 0.491606 130 0.322581 85995 0.766307 4167 0.488454 123 0.290094 
429023 340109 0.789209 16327 0.528245 498 0.356989 340424 0.788912 16046 0.527777 464 0.346786 
429024 93346 0.800786 4452 0.564831 110 0.388693 93513 0.801978 4279 0.549012 116 0.345238 
429025 468279 0.814393 21433 0.58509 656 0.433003 468662 0.815261 21127 0.573542 579 0.398212 
429026 464240 0.827998 20612 0.619072 564 0.464963 464704 0.828756 20152 0.607079 560 0.442338 
429027 523815 0.840242 22533 0.642753 616 0.511203 523934 0.840525 22413 0.640207 617 0.466717 
429029 350536 0.863578 14753 0.700057 356 0.531343 350759 0.864004 14551 0.692377 335 0.5 
429062 1.1535e+06 0.796699 52601 0.543708 1456 0.368888 1.15511e+06 0.796801 51032 0.537501 1410 0.360891 
429066 837595 0.837244 34905 0.629906 852 0.449604 838016 0.837547 34421 0.623117 915 0.474831 
429067 228911 0.851201 9214 0.668505 200 0.473934 229143 0.851418 8946 0.660319 236 0.520971 
429068 2.02037e+06 0.869518 82007 0.707933 1990 0.577481 2.02229e+06 0.869754 80178 0.701734 1903 0.550159 
429069 1.07299e+06 0.882453 43588 0.742252 1033 0.591977 1.07428e+06 0.882815 42329 0.73264 1003 0.579099 
429070 1.8632e+06 0.885559 74413 0.752171 1782 0.628128 1.86514e+06 0.885978 72579 0.742359 1674 0.59743 
429071 1.18855e+06 0.89175 47501 0.766281 1071 0.630742 1.18935e+06 0.891878 46731 0.761774 1046 0.637028 
429112 737105 0.788685 34367 0.526891 970 0.350054 738054 0.788996 33419 0.519469 969 0.342403 
429114 982403 0.81709 42952 0.589579 1066 0.402112 983379 0.817484 41953 0.581356 1089 0.39978 
429115 1.38665e+06 0.833714 57881 0.631468 1457 0.47 1.38833e+06 0.834186 56344 0.621576 1310 0.431205 
429126 537114 0.775164 24740 0.503101 690 0.318266 537456 0.775235 24408 0.500379 680 0.310928 
429127 85642 0.797204 3679 0.537551 117 0.39661 85753 0.797087 3572 0.533373 113 0.393728 
429128 813217 0.812866 33853 0.573906 896 0.410444 812965 0.812885 34133 0.5759 868 0.388367 
429129 134016 0.823533 5498 0.593737 160 0.479042 134075 0.823304 5480 0.59734 119 0.392739 
429132 1.10765e+06 0.834229 44294 0.630116 1083 0.459482 1.10823e+06 0.834387 43745 0.625617 1052 0.460394 
429133 206358 0.844373 8031 0.647609 181 0.46056 206413 0.844318 7960 0.64726 197 0.474699 
429351 577329 0.8558 24741 0.673683 653 0.528745 578328 0.855711 23802 0.669705 593 0.502117 
429352 2.75363e+06 0.870321 117730 0.710484 2946 0.570157 2.75752e+06 0.870473 114055 0.7046 2736 0.537842 
429353 2.38887e+06 0.880839 98272 0.740569 2410 0.606747 2.39004e+06 0.880917 97157 0.737563 2348 0.610504 
429355 863620 0.889707 35838 0.771274 860 0.644678 864880 0.889998 34616 0.76245 822 0.631822 
429359 4.26436e+06 0.89623 174987 0.786367 4155 0.672766 4.26941e+06 0.896439 170180 0.780155 3918 0.647925 
429361 1.1951e+06 0.808173 56036 0.569078 1697 0.393735 1.19814e+06 0.807409 53302 0.567659 1391 0.374327 
429364 828508 0.836177 36279 0.642425 918 0.468846 829505 0.836203 35371 0.638662 829 0.439788 
429365 120817 0.837541 5177 0.648666 150 0.524476 121049 0.837356 4979 0.64612 116 0.460317 
429366 2.07748e+06 0.860494 89476 0.69674 2227 0.540665 2.08069e+06 0.86057 86290 0.690546 2206 0.542415 
429368 883947 0.873874 37553 0.724332 918 0.579912 885063 0.873851 36482 0.72163 873 0.556405 
429370 1.37784e+06 0.878258 58367 0.740285 1343 0.594248 1.37969e+06 0.878424 56498 0.734389 1359 0.575847 
429503 192783 0.82698 10001 0.589577 303 0.387468 193468 0.824675 9382 0.600717 237 0.367442 
429504 913311 0.846734 45417 0.645155 1325 0.473045 915403 0.84638 43479 0.642401 1171 0.4516 
429505 180876 0.860958 8678 0.672765 249 0.490157 180972 0.860395 8626 0.677985 205 0.471264 
429506 477975 0.864883 22619 0.694687 643 0.550514 478741 0.864895 21945 0.690942 551 0.505969 
429512 286602 0.869537 13296 0.703455 343 0.547923 286860 0.869536 12989 0.700518 392 0.569767 
429518 1.99801e+06 0.864665 90630 0.702384 2321 0.532217 2.0006e+06 0.864612 88204 0.699249 2152 0.523728 
429519 2.81135e+06 0.873586 125749 0.72876 3226 0.584526 2.81588e+06 0.873874 121496 0.720634 2952 0.551055 
429549 1.17146e+06 0.805665 51070 0.551089 1468 0.378448 1.17025e+06 0.805696 52354 0.555244 1399 0.365847 
429551 909109 0.836409 36087 0.619913 906 0.462481 907878 0.837093 37267 0.617085 957 0.447615 
429552 1.2586e+06 0.851811 47273 0.651592 1130 0.496922 1.25633e+06 0.852187 49516 0.654065 1162 0.476034 
429554 1.86496e+06 0.874153 67277 0.702683 1538 0.5669 1.86053e+06 0.874669 71649 0.703939 1592 0.532086 
429555 1.75133e+06 0.887654 63447 0.736036 1368 0.586369 1.74797e+06 0.888125 66716 0.734507 1453 0.57499 
429556 477418 0.89032 17211 0.74259 371 0.600324 476541 0.890796 18004 0.740875 455 0.594771 
429589 768409 0.803369 31544 0.538698 818 0.353806 768026 0.803393 31970 0.541314 775 0.335063 
429590 890681 0.826989 33668 0.588221 882 0.436418 888525 0.827278 35834 0.59618 872 0.408622 
429591 1.31186e+06 0.843266 48947 0.632554 1151 0.475423 1.31007e+06 0.843791 50679 0.631152 1212 0.466692 
429592 942238 0.855313 34074 0.662145 759 0.51703 940841 0.855876 35424 0.660169 806 0.49539 
429593 519549 0.868659 18733 0.692507 351 0.501429 518600 0.869242 19634 0.690002 399 0.505703 
429594 474262 0.87986 17094 0.715619 367 0.556061 473112 0.880657 18218 0.711446 393 0.535422 
429595 256667 0.883718 9475 0.727727 224 0.575835 256482 0.884494 9694 0.717968 190 0.512129 
429596 1.98813e+06 0.883778 72279 0.728296 1602 0.606359 1.98459e+06 0.88423 75733 0.727097 1694 0.586768 
429676 1.19273e+06 0.797706 49121 0.532183 1349 0.366277 1.1917e+06 0.797585 50268 0.538368 1238 0.336048 
429678 91985 0.819772 3526 0.578033 90 0.410959 91747 0.819916 3758 0.586729 96 0.428571 
429679 467282 0.827638 17908 0.59895 457 0.421198 466426 0.82792 18802 0.603537 419 0.396405 
429680 88764 0.834986 3432 0.621401 80 0.449438 88655 0.834997 3528 0.625089 93 0.492063 
429685 221472 0.84325 8347 0.644456 183 0.446341 221255 0.844221 8555 0.633282 192 0.466019 
429686 196917 0.847611 7317 0.649015 164 0.506173 196579 0.848117 7657 0.649614 162 0.465517 
429687 247829 0.822358 7941 0.589795 179 0.417249 241697 0.823364 13938 0.662358 314 0.471471 
429688 1.93384e+06 0.866513 69956 0.687663 1539 0.527416 1.92952e+06 0.866994 74189 0.688638 1616 0.517451 
429689 478440 0.878921 17097 0.708097 357 0.556942 477087 0.879243 18407 0.714003 400 0.537634 
429691 1.61211e+06 0.884011 57086 0.72931 1223 0.579896 1.60911e+06 0.884573 60050 0.726233 1265 0.561474 
429696 247211 0.888357 8619 0.740464 183 0.596091 246694 0.888686 9118 0.743719 201 0.540323 
429787 216718 0.796283 8812 0.527223 265 0.378031 216382 0.796389 9181 0.533438 232 0.350453 
429789 923601 0.795304 37618 0.528447 1018 0.369644 921582 0.796041 39613 0.53154 1042 0.344349 
429795 158635 0.835748 5827 0.610157 143 0.452532 158198 0.836292 6262 0.6132 145 0.483333 
429796 1.43379e+06 0.844109 52579 0.636488 1213 0.476996 1.43039e+06 0.844653 55864 0.638964 1326 0.46723 
429797 1.40821e+06 0.856488 50496 0.667786 1147 0.522076 1.40526e+06 0.857018 53358 0.668663 1238 0.499395 
429798 243955 0.877694 8831 0.711031 203 0.554645 243626 0.878169 9142 0.708572 221 0.540342 
429799 3.3938e+06 0.881949 121460 0.723433 2588 0.58066 3.38549e+06 0.882374 129529 0.725125 2826 0.566673 
429800 2.7797e+06 0.885339 97952 0.736852 2111 0.600569 2.77381e+06 0.885761 103706 0.736517 2241 0.5927 
429801 595858 0.889605 20786 0.750289 416 0.590071 594504 0.8903 22083 0.744714 473 0.59125 
429802 3.7685e+06 0.896378 131704 0.764179 2807 0.648717 3.75972e+06 0.89673 140288 0.765426 2995 0.620854 
429886 235366 0.80265 9472 0.548497 240 0.380952 235090 0.803279 9736 0.546966 252 0.375 
429887 302914 0.811667 11934 0.569234 301 0.395532 302617 0.812382 12233 0.565479 299 0.379924 
429888 104397 0.821196 4040 0.588321 93 0.418919 104309 0.821596 4120 0.586477 101 0.433476 
429889 1.34941e+06 0.833629 50214 0.614938 1170 0.427007 1.34745e+06 0.834065 52110 0.614773 1230 0.435552 
429890 235496 0.840769 8494 0.632606 181 0.458228 235091 0.841326 8853 0.631635 227 0.479915 
429893 977619 0.849409 34954 0.65021 806 0.497838 975579 0.849781 36943 0.654183 857 0.473742 
429894 1.29149e+06 0.870198 47148 0.694343 1123 0.553202 1.28934e+06 0.870415 49377 0.697533 1050 0.527108 
429895 745036 0.875602 26633 0.708909 539 0.540622 743509 0.876366 28121 0.703236 578 0.544256 
429896 3.70499e+06 0.877717 132460 0.713947 2824 0.558213 3.69848e+06 0.878228 138796 0.711581 2993 0.553849 
429905 1.0368e+06 0.825771 38823 0.588566 943 0.424966 1.03458e+06 0.826492 41011 0.589366 968 0.408439 
429906 530185 0.851103 19820 0.643381 415 0.472127 529342 0.851658 20575 0.642026 503 0.48646 
429909 1.40724e+06 0.859721 49647 0.672068 1099 0.529129 1.40479e+06 0.860321 52065 0.670207 1126 0.500667 
429910 3.15333e+06 0.883467 111791 0.729002 2424 0.581295 3.14618e+06 0.88392 118864 0.72882 2499 0.575409 
429911 3.93979e+06 0.892552 138344 0.756536 2874 0.638241 3.93174e+06 0.893053 146158 0.754469 3111 0.60596 
429912 2.66678e+06 0.899822 92215 0.777976 1918 0.664588 2.66068e+06 0.900336 98235 0.775446 2000 0.62422 
429915 2.30965e+06 0.90652 79559 0.794867 1632 0.690063 2.30425e+06 0.906729 84848 0.797286 1748 0.676732 
430013 1.45142e+06 0.83812 69883 0.64365 1940 0.46601 1.44947e+06 0.838726 71763 0.641268 2007 0.456136 
430014 292414 0.845479 13588 0.662409 382 0.499346 292001 0.846159 13991 0.658245 392 0.496831 
430016 2.14141e+06 0.861785 100892 0.697091 2660 0.534566 2.13875e+06 0.862301 103369 0.694208 2841 0.52846 
430017 634881 0.873341 29709 0.722794 846 0.582645 633944 0.873867 30684 0.719151 808 0.577969 
430022 1.1307e+06 0.799693 57067 0.550128 1825 0.375979 1.12998e+06 0.799527 57958 0.554367 1649 0.355388 
430023 1.38599e+06 0.829925 65890 0.618546 1845 0.440755 1.38464e+06 0.830399 67239 0.6169 1845 0.42987 
430024 192104 0.844246 8890 0.653532 254 0.509018 191961 0.844765 9045 0.650766 242 0.472656 
430116 852112 0.785798 42142 0.522614 1282 0.338616 850912 0.786203 43256 0.52455 1368 0.338279 
430117 705771 0.80926 33646 0.568652 965 0.400581 704597 0.809392 34796 0.57458 989 0.378782 
430119 97764 0.820023 4525 0.590963 126 0.425676 97581 0.819926 4690 0.598367 144 0.444444 
430120 138938 0.827731 6350 0.618667 204 0.472222 138765 0.828196 6552 0.618697 175 0.427873 
430121 104632 0.830894 4609 0.61014 127 0.466912 104327 0.830748 4905 0.62262 136 0.464164 
430123 1.31538e+06 0.841197 58501 0.645649 1508 0.491045 1.31313e+06 0.841327 60630 0.650557 1631 0.479565 
430124 1.2118e+06 0.856676 52249 0.691353 1438 0.560187 1.2102e+06 0.857212 53929 0.688828 1360 0.522273 
430125 446195 0.879842 19571 0.738138 467 0.612058 445580 0.880278 20118 0.737707 535 0.559623 
430128 291679 0.880748 12405 0.744508 314 0.594697 291248 0.881197 12835 0.74238 315 0.563506 
430131 998802 0.885012 43235 0.76047 977 0.606456 998181 0.885615 43714 0.752263 1119 0.613487 
430133 1.05484e+06 0.797484 50290 0.551468 1447 0.364851 1.05412e+06 0.797935 51021 0.550115 1433 0.353043 
430134 914521 0.816879 41430 0.592916 1092 0.409449 913253 0.817314 42613 0.593165 1177 0.412982 
430136 83690 0.830258 3685 0.6155 87 0.418269 83707 0.830501 3651 0.611353 104 0.448276 
430141 234272 0.839023 9948 0.642014 252 0.473684 233930 0.839626 10296 0.640259 246 0.444043 
430142 1.26638e+06 0.846923 52779 0.657305 1290 0.494442 1.26409e+06 0.847261 54958 0.659214 1393 0.493097 
430143 1.66177e+06 0.864114 69877 0.699134 1749 0.556298 1.65906e+06 0.86436 72522 0.70119 1807 0.54118 
430234 281917 0.780551 13443 0.513974 399 0.339574 281750 0.780709 13600 0.515679 409 0.328778 
430235 612225 0.79901 28412 0.551507 778 0.381934 611381 0.79913 29249 0.55705 785 0.353922 
430236 1.40518e+06 0.820458 61065 0.597219 1616 0.417787 1.40306e+06 0.820921 63175 0.59814 1628 0.402075 
430237 191182 0.831371 8026 0.62396 217 0.476923 190892 0.831821 8317 0.624962 216 0.447205 
430238 740450 0.836538 31022 0.636832 833 0.481781 739296 0.836925 32192 0.638413 817 0.452632 
430239 106473 0.841046 4608 0.651584 105 0.460526 106549 0.841367 4501 0.643736 136 0.511278 
430240 1.3246e+06 0.848628 54849 0.664426 1348 0.491075 1.32264e+06 0.848883 56759 0.665412 1406 0.504847 
430241 533039 0.870912 22258 0.704278 526 0.517207 532175 0.870825 23055 0.709275 593 0.56638 
430242 1.7382e+06 0.875194 72646 0.721117 1822 0.590408 1.73559e+06 0.875392 75225 0.723679 1859 0.560446 
430277 1.22739e+06 0.787754 56897 0.531609 1630 0.352509 1.22608e+06 0.788184 58161 0.531602 1671 0.351864 
430278 1.3937e+06 0.813204 60842 0.584811 1682 0.412761 1.39198e+06 0.813772 62531 0.583333 1719 0.405999 
430279 902284 0.827614 38092 0.615171 1002 0.463889 901113 0.827988 39235 0.615808 1030 0.452946 
430280 1.37645e+06 0.839027 56819 0.644945 1417 0.485607 1.37452e+06 0.839343 58669 0.646412 1498 0.472108 
430281 1.36439e+06 0.849898 55001 0.668266 1248 0.5 1.36204e+06 0.850188 57250 0.67072 1350 0.489485 
430384 150151 0.799931 6793 0.557718 196 0.398374 150042 0.799789 6924 0.563752 174 0.352941 
430386 125083 0.8114 5438 0.568769 160 0.431267 124852 0.810985 5699 0.582125 130 0.373563 
430389 192863 0.819592 8428 0.597392 201 0.422269 192751 0.81976 8530 0.599269 211 0.394393 
430390 535205 0.82823 22831 0.615739 597 0.438004 534745 0.828561 23274 0.614657 614 0.441727 
430393 1.24429e+06 0.841565 51979 0.645365 1334 0.480548 1.24359e+06 0.84184 52735 0.644383 1271 0.45621 
430402 2.36739e+06 0.873095 99733 0.716941 2472 0.571693 2.36508e+06 0.873282 102083 0.718146 2437 0.539637 
430406 1.11288e+06 0.777854 52734 0.512782 1536 0.331392 1.11194e+06 0.778016 53726 0.515135 1478 0.316015 
430407 1.32268e+06 0.807026 58726 0.575627 1625 0.396535 1.3212e+06 0.807602 60265 0.573723 1570 0.384427 
430408 351830 0.821106 15290 0.607662 401 0.426596 351479 0.821497 15648 0.607076 394 0.411703 
430409 873068 0.827582 37406 0.619325 959 0.442139 871485 0.82791 38945 0.621678 1003 0.44558 
430414 1.34024e+06 0.841181 55779 0.656262 1376 0.495677 1.33806e+06 0.841855 57885 0.653484 1441 0.472924 
430415 1.57315e+06 0.858711 65193 0.687262 1617 0.527225 1.57036e+06 0.858977 67931 0.689613 1671 0.516059 
430494 60544 0.748982 2941 0.465938 83 0.280405 60711 0.748401 2779 0.459567 78 0.283636 
430496 1.19202e+06 0.792461 52229 0.533848 1441 0.354402 1.19044e+06 0.792692 53759 0.537166 1492 0.350564 
430497 1.39287e+06 0.82287 57761 0.602198 1457 0.428655 1.39096e+06 0.823476 59666 0.600558 1460 0.413832 
430500 1.38803e+06 0.842095 54825 0.642694 1357 0.485684 1.38574e+06 0.842541 57089 0.64309 1380 0.473576 
430501 1.32235e+06 0.857238 51230 0.678031 1212 0.530648 1.32052e+06 0.8575 53016 0.679832 1253 0.509557 
430502 205280 0.862833 7907 0.690507 172 0.511905 205218 0.86304 7981 0.689444 160 0.470588 
430519 176844 0.759173 8413 0.473999 248 0.284078 176970 0.758057 8283 0.478178 252 0.318584 
430520 785222 0.791816 34431 0.528075 992 0.358382 784517 0.791971 35195 0.529862 933 0.354753 
430521 1.34416e+06 0.832832 54272 0.612904 1400 0.436681 1.342e+06 0.833132 56472 0.615922 1358 0.419265 
430522 88779 0.842138 3572 0.653734 80 0.465116 88661 0.842753 3681 0.648177 89 0.511494 
430524 1.37984e+06 0.855777 53645 0.670177 1307 0.519475 1.37756e+06 0.856149 55864 0.671071 1363 0.509723 
430525 664429 0.875313 26219 0.713132 590 0.543278 663218 0.875858 27387 0.710612 633 0.542416 
430557 1.25993e+06 0.780826 56932 0.510061 1573 0.325673 1.25806e+06 0.780747 58805 0.516799 1569 0.320728 
430558 1.2658e+06 0.81044 54549 0.576007 1485 0.408191 1.26394e+06 0.810753 56440 0.578652 1459 0.393686 
430560 198318 0.824408 8244 0.599956 222 0.457732 197878 0.824578 8661 0.606555 245 0.462264 
430562 1.4545e+06 0.836614 59328 0.63168 1505 0.458004 1.45218e+06 0.836867 61563 0.633925 1593 0.469081 
430563 115510 0.845045 4539 0.65122 117 0.47561 115338 0.845295 4706 0.651079 122 0.525862 
430565 1.39681e+06 0.852598 54788 0.667967 1362 0.535588 1.39506e+06 0.852725 56585 0.671895 1323 0.498305 
430566 986721 0.867075 38573 0.696578 884 0.541667 985311 0.867189 39920 0.700253 947 0.533521 
430594 117554 0.84047 4638 0.625826 121 0.495902 117207 0.83973 4990 0.649655 116 0.439394 
430595 1.47186e+06 0.847246 57515 0.649725 1425 0.4986 1.46999e+06 0.847326 59409 0.654464 1393 0.469815 
430596 1.30051e+06 0.864713 51267 0.690362 1201 0.528842 1.29895e+06 0.864844 52785 0.692744 1238 0.524576 
430598 710338 0.874536 28530 0.717303 651 0.550761 710218 0.874835 28700 0.712442 601 0.552898 
430599 3.30708e+06 0.879362 130127 0.726512 3136 0.591252 3.30334e+06 0.879577 133871 0.726853 3130 0.578879 
430600 186794 0.879556 7267 0.726482 175 0.585284 186642 0.879756 7437 0.725349 157 0.581481 
430607 975022 0.804966 41241 0.565154 1005 0.381549 973615 0.805561 42561 0.564514 1092 0.382621 
430608 117030 0.813437 4962 0.590785 121 0.432143 116941 0.813905 5054 0.589525 118 0.395973 
430676 1.33072e+06 0.786523 58415 0.529726 1544 0.342959 1.32951e+06 0.786853 59537 0.52992 1638 0.349925 
430679 401717 0.818601 16388 0.59878 387 0.414347 401198 0.819161 16885 0.597403 409 0.405754 
430680 776869 0.82762 31238 0.614292 775 0.445146 776001 0.827875 32066 0.615411 815 0.446575 
430681 527335 0.835026 20904 0.635013 494 0.468691 526855 0.835253 21346 0.635922 532 0.461806 
430682 1.407e+06 0.843742 54563 0.656824 1275 0.486641 1.40519e+06 0.844204 56338 0.654979 1303 0.478341 
430683 2.01772e+06 0.86277 77684 0.694544 1866 0.550767 2.01461e+06 0.862947 80814 0.697683 1841 0.528719 
430692 208377 0.761042 9400 0.48624 303 0.318277 208228 0.760842 9581 0.490679 271 0.307256 
430693 110378 0.777135 4906 0.516639 138 0.317241 110370 0.776838 4922 0.518269 130 0.333333 
430694 279036 0.795321 11605 0.543331 325 0.381455 278641 0.795385 11996 0.550326 329 0.350746 
430696 1.26068e+06 0.814088 50393 0.583921 1281 0.429146 1.258e+06 0.81434 52967 0.590602 1383 0.410629 
430697 1.43323e+06 0.832484 55746 0.626627 1394 0.467315 1.4311e+06 0.832694 57865 0.629953 1408 0.456402 
430699 1.38419e+06 0.84662 52343 0.657641 1199 0.49079 1.38204e+06 0.846949 54477 0.659009 1223 0.478857 
430700 620773 0.863212 23678 0.69238 553 0.542689 619615 0.86329 24837 0.699161 552 0.502275 
430701 374299 0.871143 14519 0.707278 356 0.55625 373842 0.87126 14985 0.709047 347 0.563312 
430702 1.35065e+06 0.873635 51990 0.717103 1182 0.579128 1.34857e+06 0.873867 54047 0.719064 1208 0.555913 
430905 63989 0.765547 3364 0.486831 116 0.315217 63991 0.765946 3382 0.484111 96 0.288288 
430906 72118 0.779452 3870 0.513399 116 0.301299 72028 0.778538 3946 0.524176 130 0.323383 
430907 106695 0.786123 5678 0.531847 163 0.329293 106763 0.785403 5609 0.534343 164 0.354212 
430909 454298 0.801437 23672 0.56132 733 0.374936 454491 0.801261 23498 0.561723 714 0.37014 
430911 1.33391e+06 0.825162 65724 0.610007 1957 0.437906 1.3341e+06 0.82515 65605 0.610415 1883 0.4205 
430912 1.394e+06 0.841196 66447 0.64863 1889 0.48523 1.39379e+06 0.8416 66713 0.645256 1831 0.459243 
430913 293031 0.847126 13668 0.663109 385 0.513333 292853 0.847268 13855 0.663554 376 0.501333 
430914 274036 0.852948 12976 0.676538 357 0.522694 273997 0.852866 12995 0.679087 377 0.508086 
430920 787604 0.769602 41675 0.496113 1387 0.321139 787375 0.769418 41998 0.4987 1293 0.310817 
430921 410615 0.803821 20151 0.559439 645 0.390909 410597 0.804006 20235 0.558238 579 0.370679 
430923 1.3887e+06 0.82445 64931 0.609052 1831 0.42951 1.38772e+06 0.824961 65924 0.606265 1810 0.415519 
430924 451238 0.837782 20490 0.630229 591 0.492911 450858 0.837858 20879 0.633061 582 0.472403 
430925 744242 0.843849 33061 0.650679 917 0.49837 743348 0.844298 33948 0.649225 924 0.489407 
430927 129863 0.849766 5842 0.663336 155 0.503247 129761 0.849788 5938 0.666218 161 0.493865 
430928 1.06271e+06 0.855701 45824 0.676449 1191 0.523286 1.06158e+06 0.856089 46861 0.675279 1281 0.51199 
430929 171409 0.870278 7406 0.704931 187 0.609121 171283 0.871115 7546 0.697283 173 0.532308 
430930 747441 0.872947 32402 0.716351 845 0.577975 746754 0.873372 33103 0.713304 831 0.558093 
430931 852216 0.880814 36739 0.73079 950 0.58318 850899 0.881143 38084 0.730937 922 0.5571 
430932 495419 0.881198 21264 0.730646 554 0.571723 494663 0.881443 22007 0.73113 567 0.575051 
430933 556814 0.882051 24239 0.738904 580 0.594262 556112 0.882391 24893 0.73803 628 0.576147 
430935 266170 0.887677 11444 0.749198 279 0.610503 266031 0.887951 11558 0.745966 304 0.62423 
430936 1.25016e+06 0.889165 52068 0.755101 1320 0.622055 1.24791e+06 0.889513 54224 0.754652 1406 0.613171 
431020 216358 0.764689 10685 0.47652 317 0.284816 216047 0.763976 11003 0.487441 310 0.280289 
431021 1.16439e+06 0.803976 54534 0.555942 1592 0.372137 1.16341e+06 0.804005 55519 0.558997 1586 0.36696 
431022 1.33025e+06 0.834496 58241 0.62218 1525 0.439102 1.32825e+06 0.834815 60146 0.624342 1617 0.43166 
431023 721170 0.845428 30624 0.648607 902 0.525948 720167 0.845575 31707 0.652407 822 0.493694 
431026 729662 0.760883 34485 0.475432 1094 0.310531 728048 0.761474 36023 0.47922 1170 0.311917 
431027 1.37686e+06 0.801817 61559 0.556893 1673 0.378079 1.3749e+06 0.802188 63437 0.558887 1749 0.37308 
431028 141883 0.815021 6186 0.598028 146 0.389333 141685 0.816402 6385 0.588262 145 0.360697 
431030 1.32188e+06 0.827462 55712 0.614434 1457 0.446658 1.31946e+06 0.828036 58068 0.615095 1520 0.427206 
431031 850448 0.838457 35212 0.643894 915 0.493794 848865 0.839042 36844 0.64398 866 0.451277 
431033 265675 0.848165 10834 0.665806 259 0.494275 265181 0.84872 11306 0.664043 281 0.504488 
431040 921700 0.866615 37064 0.701558 908 0.537596 919959 0.867 38786 0.701615 927 0.538953 
431122 196164 0.794048 9308 0.528984 262 0.350736 196240 0.794182 9219 0.527644 275 0.336597 
431123 320031 0.811076 14938 0.563379 403 0.375582 319785 0.811077 15198 0.56673 389 0.36186 
431125 92576 0.840347 4221 0.6411 106 0.471111 92565 0.841821 4239 0.625683 99 0.4125 
431126 1.30622e+06 0.850352 57678 0.656185 1586 0.501899 1.30464e+06 0.850767 59380 0.656655 1464 0.452271 
431127 1.03766e+06 0.863032 45151 0.691567 1080 0.508235 1.03629e+06 0.863234 46434 0.692817 1163 0.515972 
431130 1.75288e+06 0.880238 75970 0.728575 1863 0.572174 1.75104e+06 0.8805 77770 0.728047 1895 0.560154 
431131 2.88934e+06 0.888703 122673 0.752369 3019 0.614742 2.88541e+06 0.888997 126600 0.751991 3023 0.592513 
431134 123574 0.769079 6330 0.483797 217 0.323398 123786 0.769378 6158 0.478143 177 0.266968 
431135 1.0736e+06 0.808947 51351 0.558564 1444 0.372838 1.07233e+06 0.809444 52553 0.559384 1517 0.357025 
431136 884383 0.838639 39514 0.628963 976 0.44404 883198 0.839336 40589 0.625775 1086 0.443809 
431137 63000 0.845354 2687 0.642823 54 0.432 62924 0.845696 2747 0.645442 70 0.414201 
431138 1.25053e+06 0.851446 52711 0.66514 1248 0.506494 1.24886e+06 0.852041 54230 0.662602 1401 0.490546 
431139 309686 0.860736 12850 0.686872 311 0.519199 309341 0.860741 13181 0.689311 325 0.552721 
431142 986486 0.802368 45309 0.541456 1237 0.361273 985107 0.802878 46622 0.542766 1303 0.351592 
431143 223079 0.821908 9696 0.589709 263 0.414826 222756 0.822081 10027 0.593419 255 0.405405 
431144 1.2378e+06 0.835962 51644 0.621827 1323 0.455108 1.23555e+06 0.83633 53863 0.624614 1355 0.441512 
431145 1.24284e+06 0.851583 50544 0.660922 1256 0.509533 1.24087e+06 0.852183 52449 0.659048 1316 0.489219 
431146 124433 0.85481 5038 0.671196 127 0.540426 124220 0.855392 5242 0.668793 136 0.541833 
431147 482518 0.859576 19495 0.688164 488 0.54955 481760 0.860246 20256 0.685204 485 0.498458 
431148 1.83206e+06 0.874059 73489 0.717421 1741 0.567656 1.82825e+06 0.874403 77158 0.719181 1881 0.553887 
431149 503317 0.881645 20030 0.733888 457 0.593506 502363 0.882286 20942 0.730144 499 0.568985 
431216 593711 0.787348 28128 0.513819 819 0.33899 593142 0.787931 28667 0.513276 849 0.328053 
431217 1.22883e+06 0.817368 53238 0.578617 1394 0.399885 1.22662e+06 0.817622 55360 0.583019 1486 0.399892 
431219 1.08392e+06 0.837876 44948 0.626505 1110 0.456227 1.08246e+06 0.838344 46372 0.627259 1143 0.421771 
431220 1.22102e+06 0.852136 49100 0.660159 1127 0.477138 1.21865e+06 0.852387 51361 0.66381 1239 0.482101 
431221 1.22469e+06 0.863315 48601 0.693923 1160 0.538033 1.22276e+06 0.863835 50464 0.692027 1227 0.520136 
431224 391677 0.873665 15596 0.711269 384 0.58626 390861 0.873624 16391 0.719724 405 0.56172 
431233 146339 0.802042 6562 0.546105 182 0.366197 146046 0.802781 6851 0.546201 186 0.369781 
431234 1.24434e+06 0.820543 53171 0.583995 1388 0.414576 1.24185e+06 0.82118 55541 0.585696 1502 0.39862 
431235 1.19563e+06 0.840604 49198 0.633448 1218 0.468462 1.19445e+06 0.84108 50384 0.631814 1207 0.443261 
431239 1.2105e+06 0.863822 47022 0.690921 1143 0.529903 1.20875e+06 0.864261 48732 0.689357 1183 0.523915 
431240 815131 0.875372 31107 0.710497 747 0.562077 813248 0.875617 33011 0.714787 726 0.542196 
431256 1.11096e+06 0.801804 50552 0.53867 1290 0.338939 1.11056e+06 0.802058 50874 0.537371 1364 0.348582 
431257 1.17635e+06 0.826418 49318 0.598069 1254 0.432712 1.17522e+06 0.826842 50404 0.597728 1299 0.414751 
431258 1.30456e+06 0.845778 51941 0.642087 1319 0.481915 1.30269e+06 0.846036 53794 0.645051 1342 0.459117 
431259 422152 0.854145 16734 0.666773 387 0.511229 421604 0.854796 17251 0.662252 418 0.508516 
431260 1.17916e+06 0.861214 45760 0.681561 1087 0.534678 1.17717e+06 0.861357 47741 0.686526 1087 0.503474 
431261 1.32309e+06 0.874661 51307 0.712825 1217 0.561606 1.32188e+06 0.874992 52504 0.710253 1233 0.565856 
431294 1.0463e+06 0.809171 46127 0.547911 1236 0.366222 1.04515e+06 0.809269 47279 0.552486 1233 0.34596 
431295 1.20832e+06 0.830817 49945 0.605607 1211 0.422393 1.20744e+06 0.831084 50725 0.606084 1316 0.414227 
431298 1.32028e+06 0.848952 52629 0.649869 1257 0.489486 1.31903e+06 0.849106 53758 0.651746 1378 0.48796 
431299 289644 0.856086 11349 0.669716 262 0.510721 289432 0.856447 11553 0.669041 270 0.464716 
431301 1.22749e+06 0.861912 47672 0.68756 1100 0.529865 1.22617e+06 0.862248 49016 0.687086 1076 0.498841 
431302 549280 0.867285 21089 0.701727 493 0.571926 548697 0.867605 21697 0.701737 468 0.518847 
431357 741010 0.802115 33750 0.535315 934 0.351657 739657 0.802329 35011 0.540577 1026 0.357491 
431358 1.1904e+06 0.826045 52472 0.597209 1456 0.428109 1.18809e+06 0.826462 54770 0.600555 1469 0.409534 
431360 1.28126e+06 0.844294 54695 0.644107 1425 0.476908 1.2788e+06 0.844743 57145 0.645874 1438 0.456653 
431361 1.01973e+06 0.858846 41604 0.67328 990 0.525478 1.01749e+06 0.859369 43738 0.67473 1100 0.502742 
431362 107335 0.863808 4323 0.698384 109 0.545 107072 0.864998 4569 0.688517 126 0.550218 
431428 1.01915e+06 0.798997 49205 0.536189 1467 0.356761 1.017e+06 0.799297 51312 0.541843 1511 0.347356 
431429 1.00669e+06 0.82196 45985 0.59426 1260 0.40949 1.00492e+06 0.82227 47644 0.597342 1364 0.412708 
431430 1.19813e+06 0.842505 52864 0.641577 1356 0.46534 1.19589e+06 0.843 54978 0.642454 1482 0.459108 
431432 1.23048e+06 0.865255 51250 0.691614 1274 0.549138 1.22732e+06 0.865438 54349 0.698143 1342 0.529597 
431437 54430 0.791214 2670 0.514947 69 0.294872 54339 0.791744 2746 0.515875 84 0.326848 
431447 1.23406e+06 0.827277 54378 0.594406 1544 0.422204 1.23125e+06 0.827882 57146 0.596825 1585 0.409349 
431448 209069 0.839982 8998 0.625078 241 0.458175 208579 0.840953 9453 0.623097 276 0.445161 
431453 970946 0.850075 40548 0.647845 1079 0.498614 968297 0.850422 43129 0.653985 1147 0.480519 
431454 1.00944e+06 0.853685 42231 0.668752 1053 0.510917 1.00679e+06 0.854007 44636 0.673202 1294 0.528163 
431458 2.41501e+06 0.877211 100981 0.724278 2445 0.581174 2.40927e+06 0.877734 106453 0.724086 2714 0.566361 
431608 63369 0.788221 3373 0.511293 96 0.275072 63555 0.786844 3191 0.510478 92 0.289308 
431609 71591 0.793296 3502 0.529483 107 0.353135 71385 0.792594 3699 0.545495 116 0.367089 
431612 161443 0.774329 8157 0.479401 249 0.288863 160821 0.774515 8760 0.492993 268 0.278876 
431615 1.02546e+06 0.814498 49035 0.575015 1429 0.400504 1.02173e+06 0.815364 52720 0.581122 1473 0.365056 
431616 1.25206e+06 0.830368 56464 0.622399 1486 0.455968 1.24771e+06 0.831231 60622 0.625446 1678 0.435618 
431618 1.26478e+06 0.854641 54632 0.671303 1408 0.518791 1.26038e+06 0.855446 58892 0.673136 1551 0.49285 
431619 387247 0.866656 16012 0.691902 378 0.522099 385733 0.867223 17445 0.696074 459 0.545131 
431620 406992 0.8757 16682 0.715413 371 0.540816 405430 0.876416 18186 0.716407 429 0.549296 
431622 1.25979e+06 0.886432 52033 0.740388 1293 0.598334 1.25485e+06 0.887036 56820 0.742444 1442 0.590741 
431717 1.04862e+06 0.819827 47991 0.570337 1354 0.387854 1.04506e+06 0.820313 51431 0.57826 1476 0.38883 
431720 383727 0.837351 16595 0.616937 500 0.463822 382580 0.837929 17757 0.622332 485 0.429584 
431725 1.00392e+06 0.859277 41827 0.674314 1064 0.530673 1.0005e+06 0.859669 45131 0.680514 1183 0.530493 
431727 1.42539e+06 0.879463 59602 0.732878 1509 0.595266 1.42012e+06 0.879918 64755 0.736555 1623 0.586132 
431731 794096 0.796704 38299 0.533219 1142 0.349129 791893 0.797424 40470 0.537029 1174 0.345193 
431732 1.22428e+06 0.821538 54680 0.590669 1502 0.42191 1.2201e+06 0.822223 58784 0.596628 1582 0.401931 
431733 1.31646e+06 0.842967 56143 0.643797 1402 0.480301 1.31203e+06 0.843713 60418 0.647477 1563 0.452912 
431736 318981 0.856656 13266 0.672071 336 0.497778 317831 0.856759 14373 0.681993 379 0.522039 
431738 1.08215e+06 0.863773 44065 0.695679 1095 0.549423 1.07808e+06 0.864523 47964 0.69706 1270 0.546472 
431739 1.0246e+06 0.87421 40913 0.713105 961 0.560023 1.02105e+06 0.87437 44268 0.721236 1148 0.580972 
431744 1.39162e+06 0.8389 60170 0.614695 1526 0.445938 1.38792e+06 0.839548 63746 0.618371 1645 0.421579 
431745 465884 0.858064 19275 0.658547 519 0.533402 464510 0.858668 20651 0.663614 517 0.467873 
431746 1.01182e+06 0.868177 40830 0.688312 1015 0.519447 1.00869e+06 0.868838 43934 0.689864 1045 0.502162 
431831 769016 0.821732 35970 0.576442 1047 0.400842 767407 0.82211 37573 0.580377 1053 0.395716 
431832 476807 0.843088 21207 0.631593 552 0.44878 475599 0.843886 22347 0.630843 620 0.4596 
431833 305925 0.852323 13398 0.659578 355 0.489655 305108 0.852972 14188 0.661014 382 0.474534 
431834 1.33422e+06 0.863644 57170 0.682154 1451 0.524205 1.33094e+06 0.864109 60299 0.68384 1602 0.529412 
431835 1.16192e+06 0.87702 48272 0.717074 1228 0.583373 1.15853e+06 0.877567 51612 0.71888 1281 0.552155 
431836 155744 0.890688 6527 0.748338 173 0.662835 155399 0.891136 6877 0.751174 168 0.554455 
431837 2.06167e+06 0.891486 85919 0.756822 2047 0.635517 2.05573e+06 0.89194 91624 0.75827 2285 0.60836 
431839 224035 0.897972 9459 0.774059 229 0.654286 223657 0.898751 9825 0.767578 241 0.592138 
431840 796560 0.899484 33043 0.77573 826 0.649882 793937 0.899595 35601 0.781632 891 0.662454 
431844 65858 0.800044 3228 0.517972 94 0.319728 65638 0.79982 3437 0.532455 105 0.325077 
431845 243162 0.805722 11280 0.546115 298 0.356459 242431 0.805976 11931 0.554698 378 0.384146 
431846 1.21238e+06 0.8338 53723 0.609284 1447 0.435581 1.20871e+06 0.834426 57229 0.613611 1616 0.433826 
431854 1.10187e+06 0.866857 44622 0.681595 1083 0.516452 1.09846e+06 0.867347 47942 0.686091 1171 0.501929 
431859 3.02396e+06 0.895659 117470 0.751885 2773 0.618835 3.01418e+06 0.896032 126989 0.755968 3034 0.600435 
431860 270613 0.898849 10456 0.765559 226 0.605898 269711 0.89963 11295 0.761889 289 0.614894 
431886 133531 0.80738 6158 0.538993 185 0.362035 133091 0.808106 6606 0.546176 177 0.331461 
431888 1.18849e+06 0.855323 48179 0.653851 1208 0.497734 1.18449e+06 0.856312 52032 0.65454 1352 0.467658 
431889 623901 0.864504 24992 0.6763 628 0.53356 621651 0.864983 27180 0.683395 690 0.507353 
431891 1.19737e+06 0.871358 47564 0.704454 1181 0.577224 1.19334e+06 0.871866 51464 0.709144 1317 0.543541 
431892 542567 0.884073 21903 0.731905 541 0.599778 540834 0.884474 23594 0.735222 583 0.597949 
431893 905466 0.885712 36371 0.739684 829 0.585039 902644 0.886534 39133 0.736219 889 0.568051 
431894 192674 0.886844 7643 0.737884 183 0.580952 191890 0.886631 8415 0.753627 195 0.575221 
431932 408794 0.811447 18460 0.562342 539 0.391147 407718 0.811925 19539 0.568523 536 0.367375 
431937 1.32162e+06 0.837699 56033 0.617689 1453 0.454062 1.31739e+06 0.838478 60139 0.621579 1575 0.429272 
431938 1.20816e+06 0.854224 51892 0.667078 1244 0.508378 1.20807e+06 0.854716 51879 0.66195 1342 0.483429 
431939 671552 0.836849 45372 0.709525 1048 0.554497 692577 0.83769 24787 0.617668 608 0.429986 
431940 543263 0.888364 21222 0.735853 480 0.607595 541735 0.888949 22691 0.735622 539 0.59558 
431941 1.2897e+06 0.891669 49103 0.738769 1119 0.593949 1.28517e+06 0.892045 53432 0.743826 1326 0.599458 
431942 722967 0.893976 27521 0.749666 594 0.59519 720540 0.894565 29802 0.749717 740 0.614618 
431943 522235 0.894088 20044 0.747576 456 0.617886 520992 0.89421 21253 0.753252 490 0.608696 
431948 679249 0.810621 29875 0.545582 832 0.370601 677198 0.811766 31849 0.547572 909 0.35675 
431951 207332 0.832548 8417 0.59258 231 0.436673 206558 0.833369 9158 0.597313 264 0.45913 
431960 224593 0.86015 8657 0.667412 202 0.492683 223730 0.860795 9501 0.672161 221 0.497748 
431963 1.13623e+06 0.870591 42855 0.692315 985 0.528717 1.13263e+06 0.871282 46341 0.693468 1099 0.521842 
431997 477903 0.809843 20129 0.544159 565 0.37894 476259 0.81071 21726 0.550332 612 0.36801 
432001 691427 0.830132 27754 0.591442 701 0.408985 689033 0.830602 30064 0.60002 785 0.415784 
432007 1.24298e+06 0.870031 46220 0.690098 1027 0.526397 1.23946e+06 0.870578 49543 0.691922 1225 0.540123 
432008 2.34045e+06 0.88561 87454 0.725127 2002 0.575949 2.33263e+06 0.886112 95019 0.728254 2253 0.574013 
