2 1
5 1
62 1
63 1
64 1
73 1
134 1
135 1
206 1
207 1
217 1
278 1
279 1
350 1
351 1
422 1
423 1
433 1
651 2
1274 1
1568 2
1777 1
1830 1
2033 1
2293 1
2418 1
2558 1
2569 1
2642 1
2643 1
2714 1
2715 1
2786 1
2787 1
2858 1
2859 1
2930 1
2931 1
3002 1
3003 1
3047 1
3097 1
3166 1
3492 1
3502 1
3608 2
3745 1
4142 1
4246 1
4320 1
4392 1
4437 1
4536 1
5003 1
5041 1
5044 1
5045 1
5068 1
5110 1
5161 2
5179 1
5185 1
5226 1
5227 1
5298 1
5299 1
5370 1
5371 1
5394 1
5442 1
5443 1
5465 1
5467 1
5514 1
5515 1
5586 1
5587 1
5616 1
5617 1
5618 1
5670 1
5671 1
5674 1
5688 1
5689 1
5746 1
5747 1
5977 1
6053 1
6060 1
6061 1
6132 1
6133 1
6155 1
6188 1
6204 1
6205 1
6227 1
6246 1
6276 1
6277 1
6348 1
6349 1
6420 1
6421 1
6519 1
6550 1
6661 1
6807 1
6983 1
7055 1
7084 1
7127 1
7201 1
7228 1
7229 1
7415 1
7444 1
7445 1
7495 1
7517 1
7566 1
7633 1
7699 1
7704 1
7709 1
7712 1
7767 1
7768 1
7771 1
7825 1
7826 1
7829 1
7830 1
7832 1
7833 1
7901 1
7902 1
7905 1
8050 1
8497 1
8546 1
8621 1
8842 1
8843 1
8844 1
8845 1
8851 1
8872 1
8915 2
8916 1
8917 1
8954 1
8957 1
8987 1
8988 1
8994 1
8995 1
9026 1
9030 1
9031 1
9059 1
9060 1
9065 1
9067 1
9113 1
9130 1
9131 1
9132 1
9133 1
9185 1
9186 1
9190 1
9202 1
9203 1
9204 1
9273 1
9274 1
9275 1
9276 1
9323 1
9346 1
9347 1
9374 1
9375 1
9376 1
9494 1
9504 1
9542 1
9543 1
9556 2
9628 1
9700 1
9707 1
9709 1
9773 1
9775 2
9845 1
9849 2
10016 1
10017 1
10018 1
10021 1
10058 1
10060 1
10077 1
10087 1
10088 1
10089 1
10090 1
10092 1
10093 1
10094 1
10129 2
10135 2
10160 1
10161 1
10162 1
10164 1
10165 1
10166 1
10225 1
10231 1
10232 1
10233 1
10234 1
10237 1
10255 1
10276 1
10277 1
10285 1
10292 1
10300 1
10304 1
10305 1
10341 1
10348 1
10363 1
10367 2
10369 1
10374 1
10381 1
10510 1
10512 1
10513 1
10582 1
10584 1
10585 1
10654 1
10656 1
10657 1
10726 1
10728 1
10798 1
10838 1
10870 1
10873 1
10942 1
10944 1
10946 1
11014 1
11017 1
11086 1
11088 1
11091 1
11098 1
11099 1
11120 1
11158 1
11160 1
11166 1
11230 1
11233 1
11264 1
11324 1
11374 1
11377 1
11390 1
11449 1
11517 1
11518 1
11582 1
11590 1
11593 1
11662 1
11724 1
11733 1
11734 1
11737 1
11804 1
11806 1
11809 1
11877 1
11878 1
11880 1
11881 1
11915 1
11949 1
11950 1
11952 1
12022 1
12025 1
12094 1
12097 1
12132 2
12133 2
12134 2
12135 2
12136 2
12137 2
12138 2
12139 2
12140 2
12141 2
12142 1
12143 2
12166 1
12169 1
12204 2
12205 2
12206 2
12207 2
12208 2
12209 2
12210 2
12211 2
12212 2
12213 1
12214 2
12215 1
12238 1
12241 1
12276 2
12277 2
12278 2
12279 2
12280 2
12281 2
12282 2
12283 2
12284 2
12285 2
12286 2
12287 2
12301 1
12302 1
12303 1
12308 1
12313 1
12348 2
12349 2
12350 2
12351 2
12352 2
12353 2
12354 2
12355 2
12356 2
12357 2
12358 2
12359 2
12372 1
12373 1
12375 1
12380 1
12381 1
12382 1
12385 1
12420 2
12421 2
12422 2
12423 2
12424 2
12425 2
12426 2
12427 2
12428 2
12429 2
12430 2
12431 2
12442 1
12454 1
12455 1
12457 1
12492 2
12493 2
12494 2
12495 2
12496 2
12497 2
12498 2
12499 2
12500 2
12501 2
12502 2
12503 2
12514 1
12526 1
12527 1
12564 2
12565 2
12566 2
12567 2
12568 2
12569 2
12570 2
12571 2
12572 2
12573 2
12574 1
12575 2
12582 1
12583 1
12598 1
12601 1
12636 2
12637 2
12638 2
12639 2
12640 2
12641 2
12642 1
12643 1
12644 2
12645 2
12646 2
12647 2
12654 1
12655 1
12670 1
12672 1
12708 2
12709 2
12711 2
12712 2
12713 2
12714 2
12715 2
12716 2
12717 2
12718 2
12719 2
12726 1
12727 1
12742 1
12745 1
12780 2
12781 2
12782 2
12783 2
12784 2
12785 2
12786 2
12787 2
12788 2
12789 2
12790 2
12791 2
12798 1
12799 1
12814 1
12815 1
12817 1
12852 2
12854 2
12855 2
12856 1
12857 1
12858 2
12859 2
12860 2
12861 2
12862 2
12863 2
12865 1
12870 1
12871 1
12886 1
12889 1
12924 1
12925 2
12926 2
12927 2
12928 1
12929 2
12930 2
12931 2
12932 2
12933 1
12934 2
12935 1
12941 1
12942 1
12943 1
12951 1
12958 1
12985 1
13011 1
13015 1
13018 1
13019 1
13056 1
13057 1
13102 1
13103 1
13105 1
13174 1
13177 1
13246 1
13249 1
13318 1
13321 1
13390 1
13462 1
13465 1
13534 1
13537 1
13606 1
13607 1
13608 1
13609 1
13678 1
13679 1
13681 1
13750 1
13753 1
13822 1
13866 1
13867 1
13894 1
13938 1
13939 1
14010 1
14011 1
14031 1
14038 1
14041 1
14082 1
14083 1
14110 1
14113 1
14154 1
14155 1
14182 1
14185 1
14207 1
14226 1
14227 1
14254 1
14257 1
14325 1
14398 1
14419 1
14470 1
14473 1
14536 1
14542 1
14545 1
14576 1
14613 1
14686 1
14689 1
14694 1
14695 1
14758 1
14761 1
14766 1
14767 1
14829 1
14831 1
14833 1
14838 1
14839 1
14902 1
14905 1
14910 1
14911 1
14974 1
14976 1
14977 1
14982 1
14983 1
15035 1
15046 1
15054 1
15055 1
15107 1
15118 1
15121 1
15190 1
15193 1
15199 1
15261 1
15262 1
15334 1
15337 1
15406 1
15407 1
15409 1
15478 1
15496 1
15543 1
15549 1
15550 1
15552 1
15554 1
15555 1
15560 1
15561 1
15566 1
15571 1
15574 1
15620 1
15622 1
15630 1
15638 1
15647 1
15651 1
15652 1
15655 1
15656 1
15657 1
15706 1
15719 1
15745 1
15746 1
15747 1
15752 1
15753 1
15757 1
15768 1
15783 1
15799 1
15831 1
15844 1
15846 1
15849 1
15859 1
15868 2
15892 1
15917 1
15920 1
15942 1
15945 1
15947 1
15950 1
15963 1
15964 1
15965 1
16031 1
16040 1
16041 1
16130 1
16136 1
16137 1
16142 1
16154 1
16155 1
16191 1
16222 1
16223 1
16232 1
16233 1
16243 1
16250 1
16251 1
16274 1
16309 1
16318 1
16323 1
16328 1
16329 1
16338 1
16345 1
16346 1
16347 1
16348 1
16353 1
16368 1
16414 1
16424 1
16425 1
16442 1
16443 1
16492 1
16511 1
16512 1
16520 1
16521 1
16538 1
16539 1
16551 1
16609 1
16616 1
16617 1
16634 1
16635 1
16702 1
16706 1
16709 1
16710 1
16712 1
16713 1
16714 1
16715 1
16716 1
16717 1
16718 1
16719 1
16720 1
16721 1
16722 1
16723 1
16724 1
16725 1
16726 1
16727 1
16728 1
16729 1
16730 1
16731 1
16732 1
16734 1
16738 1
16739 1
16742 1
16743 1
16744 1
16747 1
16748 1
16749 1
16750 1
16751 1
16760 1
16790 1
16802 1
16804 1
16805 1
16806 1
16808 1
16810 1
16812 1
16813 1
16814 1
16815 1
16816 1
16817 1
16818 1
16819 1
16820 1
16821 1
16822 1
16825 1
16826 1
16827 1
16829 1
16830 1
16832 1
16835 1
16838 1
16840 1
16841 1
16842 1
16843 1
16845 1
16872 1
16873 1
16896 1
16897 1
16899 1
16900 1
16904 1
16906 1
16908 1
16909 1
16910 1
16911 1
16912 1
16913 1
16914 1
16915 1
16916 1
16917 1
16918 1
16920 1
16921 1
16922 1
16924 1
16926 1
16927 1
16928 1
16929 1
16930 1
16931 1
16933 1
16937 1
16938 1
16939 1
16940 1
16941 1
16942 1
16943 1
16953 2
16990 1
16992 1
16993 1
16994 1
16997 1
16998 1
17000 1
17001 1
17004 1
17005 1
17006 1
17007 1
17008 1
17009 1
17010 1
17011 1
17012 1
17013 1
17015 1
17017 1
17018 1
17019 1
17020 1
17021 1
17022 1
17023 1
17025 1
17026 1
17031 1
17032 1
17033 1
17035 1
17036 1
17038 1
17044 1
17086 2
17088 1
17089 1
17090 1
17092 1
17093 1
17095 1
17097 1
17099 1
17100 1
17101 1
17102 1
17103 1
17104 1
17105 1
17106 1
17107 1
17109 1
17110 1
17112 1
17113 1
17114 1
17115 1
17116 1
17118 1
17119 1
17120 1
17122 1
17123 1
17124 1
17127 1
17128 1
17130 1
17131 1
17132 1
17133 1
17134 1
17135 1
17156 1
17178 1
17184 1
17185 1
17186 1
17187 1
17188 1
17189 1
17190 1
17191 1
17193 1
17194 1
17195 1
17196 1
17197 1
17198 1
17199 1
17200 1
17202 1
17203 1
17204 1
17205 1
17207 1
17209 1
17211 1
17214 1
17215 1
17216 1
17217 1
17219 1
17220 1
17222 1
17224 1
17225 1
17226 1
17227 1
17228 1
17230 1
17231 1
17259 1
17276 2
17280 1
17283 1
17284 1
17286 1
17287 1
17288 1
17289 1
17291 1
17292 1
17293 1
17294 1
17296 1
17297 1
17298 1
17300 1
17301 1
17302 1
17303 1
17304 1
17305 1
17306 1
17307 1
17308 1
17309 1
17310 1
17311 1
17312 1
17313 1
17314 1
17316 1
17318 1
17319 1
17322 1
17323 1
17324 1
17325 2
17326 1
17327 1
17358 1
17359 1
17360 1
17362 1
17363 1
17373 2
17377 1
17378 1
17379 1
17380 1
17381 1
17382 1
17383 1
17384 1
17387 1
17389 1
17390 1
17391 1
17395 1
17397 1
17398 1
17399 1
17400 1
17401 1
17402 1
17403 1
17404 1
17405 1
17406 1
17408 1
17409 1
17411 1
17412 1
17414 1
17415 1
17416 1
17418 1
17419 1
17420 1
17421 1
17422 1
17423 1
17432 1
17434 1
17453 1
17456 1
17457 1
17459 1
17468 1
17469 1
17472 2
17473 1
17475 1
17476 1
17477 1
17478 1
17479 1
17480 1
17483 1
17484 1
17485 1
17487 1
17488 1
17489 1
17491 1
17492 1
17493 1
17494 1
17495 1
17496 1
17497 1
17498 1
17500 1
17501 1
17502 1
17503 1
17504 1
17505 1
17506 1
17507 1
17508 1
17511 1
17512 1
17513 1
17514 1
17516 1
17517 1
17518 1
17519 1
17544 1
17566 1
17568 1
17569 1
17570 1
17571 1
17572 1
17573 1
17574 1
17575 1
17577 1
17578 1
17579 1
17580 2
17581 1
17582 1
17583 1
17584 1
17585 1
17586 1
17587 1
17588 1
17589 1
17590 1
17591 1
17592 1
17593 1
17594 1
17595 1
17596 1
17597 1
17598 1
17599 1
17600 1
17601 1
17602 1
17603 1
17604 2
17605 1
17606 1
17607 1
17608 1
17609 1
17610 1
17611 1
17612 1
17613 1
17614 1
17615 1
17648 1
17661 2
17663 1
17664 1
17665 1
17666 1
17667 1
17668 1
17670 1
17671 1
17672 1
17673 1
17674 1
17675 1
17676 1
17677 1
17678 1
17679 1
17680 1
17681 1
17682 1
17684 1
17685 1
17688 1
17689 1
17690 1
17691 1
17692 1
17693 1
17694 1
17695 1
17696 1
17698 1
17699 1
17701 1
17702 1
17703 1
17704 1
17705 1
17707 1
17708 1
17709 1
17710 1
17711 1
17754 1
17760 1
17762 1
17764 1
17765 1
17766 1
17767 1
17768 1
17769 1
17770 1
17771 1
17772 1
17773 1
17774 1
17775 1
17776 1
17777 1
17778 1
17779 1
17780 1
17781 1
17782 1
17783 1
17784 1
17785 1
17786 1
17787 1
17788 1
17789 1
17790 1
17791 1
17792 1
17793 1
17794 1
17795 1
17796 1
17797 1
17799 1
17800 1
17801 1
17803 1
17804 1
17805 1
17806 1
17807 1
17833 1
17840 1
17854 2
17856 1
17858 1
17859 1
17860 1
17862 1
17863 1
17875 1
17876 2
17877 1
17879 1
17883 1
17888 2
17890 1
17926 1
17927 1
17951 1
17953 1
17954 1
17955 1
18022 1
18023 1
18037 1
18079 1
18080 1
18118 1
18119 1
18123 1
18133 1
18144 1
18145 1
18177 1
18214 1
18215 1
18228 1
18239 1
18252 1
18278 1
18310 1
18311 1
18406 1
18407 1
18486 1
18505 1
18528 1
18555 1
18582 1
18583 1
18623 1
18627 1
18644 1
18658 1
18670 1
18678 1
18679 2
18680 1
18681 1
18682 1
18686 1
18720 1
18774 1
18775 1
18777 1
18784 1
18870 2
18871 1
18874 1
18900 1
18924 1
18945 1
18967 1
19009 1
19026 2
19052 1
19070 1
19074 1
19075 1
19086 1
19095 1
19105 1
19106 1
19130 1
19131 1
19142 1
19170 1
19171 1
19201 1
19202 1
19266 1
19267 1
19293 1
19297 1
19330 1
19362 1
19363 1
19369 1
19392 1
19393 1
19458 1
19459 1
19488 1
19489 1
19504 1
19508 1
19509 1
19511 1
19539 1
19554 1
19555 1
19575 1
19584 1
19602 1
19604 1
19606 1
19637 1
19650 1
19651 1
19680 1
19698 1
19699 1
19700 1
19724 1
19746 1
19747 1
19758 1
19792 1
19808 1
19809 1
19842 1
19843 1
19904 1
19905 1
19938 1
19939 1
20034 1
20035 1
20056 1
20061 1
20075 1
20096 2
20130 1
20131 1
20146 1
20149 1
20163 1
20166 1
20167 1
20168 1
20169 1
20170 1
20171 1
20172 1
20173 1
20174 1
20176 1
20178 1
20181 1
20182 1
20184 1
20185 1
20189 1
20190 1
20191 1
20193 1
20194 1
20195 1
20196 1
20205 1
20210 1
20215 1
20217 1
20234 1
20235 1
20257 1
20259 1
20261 1
20262 1
20263 1
20264 1
20266 1
20267 1
20268 1
20269 1
20270 1
20271 1
20272 1
20273 1
20275 1
20276 1
20277 1
20278 1
20279 1
20280 1
20282 1
20284 1
20286 1
20287 1
20289 1
20290 1
20291 1
20292 1
20293 1
20295 1
20296 1
20297 1
20298 1
20299 1
20300 1
20301 1
20302 1
20303 1
20318 1
20328 1
20331 2
20352 1
20353 1
20354 1
20355 1
20356 1
20357 1
20358 1
20359 1
20360 1
20362 1
20363 1
20364 1
20365 1
20366 1
20368 1
20369 1
20370 1
20373 1
20374 1
20376 1
20377 1
20378 1
20379 1
20382 1
20383 1
20384 1
20385 1
20387 1
20392 1
20393 1
20394 1
20397 1
20435 2
20449 1
20451 1
20453 1
20455 1
20458 1
20459 1
20460 1
20461 1
20462 1
20463 1
20464 1
20465 1
20468 1
20469 1
20470 1
20472 1
20473 1
20474 1
20475 1
20478 1
20479 1
20480 1
20481 1
20482 1
20483 1
20484 1
20485 1
20486 1
20487 1
20488 1
20490 1
20491 1
20492 1
20493 1
20495 1
20513 1
20533 1
20544 1
20545 1
20546 1
20547 1
20549 1
20551 1
20552 1
20553 1
20554 1
20555 1
20556 1
20558 1
20559 1
20560 1
20561 1
20562 1
20563 1
20564 1
20565 1
20566 1
20567 1
20568 1
20569 1
20571 1
20572 1
20573 1
20574 1
20575 1
20576 1
20577 1
20578 2
20579 1
20580 1
20582 1
20583 1
20584 1
20585 1
20586 1
20587 1
20588 1
20590 1
20591 1
20598 1
20605 1
20636 2
20639 1
20641 1
20642 1
20644 1
20648 1
20651 1
20652 1
20653 1
20654 1
20655 1
20656 1
20657 1
20658 1
20659 1
20660 1
20661 1
20662 1
20663 1
20665 1
20666 1
20667 1
20670 1
20673 1
20675 1
20676 1
20677 1
20680 1
20681 1
20682 1
20683 1
20684 1
20685 1
20686 1
20687 1
20737 1
20739 1
20740 1
20745 1
20748 1
20749 1
20750 1
20751 1
20752 1
20753 1
20754 1
20755 1
20756 1
20757 1
20758 1
20759 1
20760 1
20762 1
20765 1
20766 1
20771 1
20772 1
20774 1
20775 1
20776 1
20778 1
20779 1
20780 1
20781 1
20782 1
20783 1
20785 1
20791 1
20832 1
20833 1
20835 1
20836 1
20837 1
20840 1
20841 1
20843 1
20844 1
20845 1
20846 1
20848 1
20849 1
20850 1
20851 1
20853 1
20857 1
20858 1
20860 1
20862 1
20863 1
20868 1
20869 1
20870 1
20872 1
20873 1
20875 1
20877 1
20878 1
20879 1
20905 1
20927 1
20929 1
20930 1
20931 1
20932 1
20933 1
20934 1
20937 1
20939 1
20940 1
20941 1
20943 1
20944 1
20945 1
20946 1
20949 1
20950 1
20951 1
20952 1
20953 1
20956 1
20957 1
20958 1
20960 1
20961 2
20963 1
20967 1
20968 1
20970 1
20972 1
20973 1
20989 1
21025 1
21026 1
21027 1
21028 1
21029 1
21036 1
21038 1
21042 1
21043 1
21044 1
21045 1
21046 1
21047 1
21048 1
21049 1
21051 1
21052 1
21053 1
21055 1
21057 1
21058 1
21061 1
21062 1
21063 1
21064 1
21065 1
21066 1
21068 1
21069 1
21070 1
21071 1
21116 1
21119 1
21121 1
21122 1
21124 1
21125 1
21126 1
21127 1
21128 1
21133 1
21135 1
21136 1
21137 1
21138 1
21139 1
21141 1
21142 1
21145 1
21148 1
21149 1
21150 1
21151 1
21152 1
21158 1
21161 1
21164 1
21165 1
21166 1
21167 1
21216 2
21220 1
21223 1
21224 1
21226 1
21230 1
21231 1
21234 1
21235 1
21236 1
21237 1
21238 1
21239 1
21242 1
21243 1
21247 1
21249 2
21252 1
21254 1
21255 1
21257 1
21261 1
21262 1
21298 2
21312 1
21319 1
21320 1
21322 1
21323 1
21324 1
21325 1
21326 1
21327 1
21329 1
21331 1
21332 1
21333 1
21334 1
21335 1
21336 1
21342 1
21343 1
21355 1
21358 1
21360 1
21361 1
21401 1
21404 2
21416 1
21418 1
21419 1
21421 2
21427 1
21430 1
21431 1
21438 1
21439 1
21456 1
21457 1
21480 1
21503 1
21514 1
21515 1
21520 1
21521 1
21524 1
21525 1
21526 1
21528 1
21534 1
21535 1
21552 1
21553 1
21600 1
21610 1
21611 1
21617 1
21618 1
21621 1
21622 1
21623 1
21630 1
21631 1
21632 1
21646 1
21648 1
21649 1
21692 1
21696 1
21703 1
21706 1
21707 1
21709 1
21711 1
21712 1
21713 1
21715 1
21718 1
21719 1
21720 1
21735 1
21743 1
21744 1
21745 1
21775 1
21790 1
21794 1
21795 1
21802 1
21803 1
21804 1
21808 1
21809 1
21814 1
21815 1
21816 1
21839 1
21840 1
21841 1
21883 2
21888 1
21890 1
21898 1
21899 1
21901 1
21904 1
21905 1
21906 1
21908 1
21910 1
21911 1
21912 1
21946 1
21968 1
21997 1
22000 1
22003 1
22005 1
22006 1
22007 1
22008 1
22066 2
22090 1
22096 1
22097 1
22101 1
22102 1
22103 1
22125 1
22185 1
22186 1
22187 1
22188 1
22193 1
22195 1
22197 1
22198 1
22199 1
22200 1
22201 1
22224 1
22280 1
22285 1
22290 1
22291 1
22293 1
22294 1
22295 1
22296 1
22357 2
22380 1
22383 1
22385 1
22389 1
22390 1
22391 1
22408 1
22435 1
22483 1
22485 1
22487 1
22529 1
22530 1
22531 1
22532 1
22542 1
22625 1
22626 1
22627 1
22628 1
22629 1
22638 1
22639 1
22722 1
22723 1
22724 1
22735 1
22759 1
22778 1
22779 1
22817 1
22818 1
22819 1
22820 1
22821 1
22831 1
22898 1
22913 1
22914 1
22915 1
23010 1
23011 1
23106 1
23107 1
23131 1
23134 1
23135 1
23174 1
23182 1
23202 1
23203 1
23227 1
23230 1
23231 1
23245 1
23259 1
23298 1
23299 1
23305 1
23326 1
23327 1
23332 1
23334 1
23335 1
23394 1
23395 1
23419 1
23422 1
23423 1
23460 1
23490 1
23491 1
23518 1
23519 1
23538 1
23557 1
23586 1
23587 1
23614 1
23615 1
23629 1
23630 1
23631 1
23688 1
23689 1
23690 1
23725 1
23784 1
23785 1
23864 2
23880 1
23881 1
23966 1
23976 1
23977 1
23999 1
24062 1
24069 1
24072 1
24073 1
24168 1
24169 1
24196 1
24269 1
24271 2
24285 1
24286 1
24379 1
24381 1
24382 1
24383 1
24478 1
24479 1
24527 1
24573 1
24574 1
24669 1
24670 1
24671 1
24684 1
24685 1
24686 1
24687 1
24688 1
24689 1
24690 1
24691 1
24692 1
24693 1
24694 1
24695 1
24706 1
24714 1
24721 1
24735 1
24744 1
24745 1
24748 1
12057 4
18487 4
18966 4
18198 4
23628 4
9995  5
11625 6
12126 6
12271 6
20427 6
2282 9
9993 9
20307 9
21672 9
23724 9
12743 9
16504 9
6966 9
17802 9
