421815 -0.44 0.728 0.0542 0.0205 0.515 0.0544 0.0201 0.505 
421816 -0.45 0.743 0.0538 0.0204 0.511 0.0548 0.0202 0.508 
421949 -0.39 0.595 0.0531 0.0201 0.505 0.0541 0.0201 0.505 
421961 -0.39 0.594 0.0531 0.0202 0.507 0.0540 0.0199 0.501 
421968 -0.39 0.596 0.0528 0.0200 0.501 0.0540 0.0199 0.501 
421969 -0.39 0.594 0.0529 0.0201 0.503 0.0537 0.0197 0.496 
421975 -0.40 0.639 0.0537 0.0205 0.514 0.0545 0.0201 0.506 
421976 -0.39 0.605 0.0533 0.0202 0.507 0.0545 0.0200 0.505 
421989 -0.38 0.586 0.0534 0.0202 0.506 0.0544 0.0200 0.502 
421999 -0.38 0.573 0.0533 0.0202 0.507 0.0545 0.0201 0.505 
422014 -0.38 0.570 0.0532 0.0202 0.507 0.0546 0.0200 0.503 
422018 -0.38 0.559 0.0532 0.0201 0.505 0.0545 0.0199 0.502 
422020 -0.37 0.556 0.0533 0.0202 0.507 0.0547 0.0201 0.507 
422040 -0.40 0.644 0.0540 0.0207 0.520 0.0557 0.0205 0.517 
422041 -0.39 0.638 0.0529 0.0197 0.496 0.0554 0.0202 0.510 
422043 -0.40 0.640 0.0539 0.0204 0.511 0.0559 0.0205 0.515 
422045 -0.40 0.639 0.0537 0.0204 0.512 0.0550 0.0202 0.509 
422050 -0.40 0.634 0.0526 0.0193 0.487 0.0552 0.0204 0.512 
422051 -0.40 0.639 0.0535 0.0204 0.512 0.0548 0.0201 0.506 
422053 -0.38 0.591 0.0540 0.0206 0.516 0.0546 0.0200 0.503 
422054 -0.38 0.589 0.0534 0.0202 0.508 0.0548 0.0201 0.507 
422055 -0.38 0.588 0.0533 0.0203 0.508 0.0548 0.0200 0.505 
422057 -0.38 0.576 0.0533 0.0201 0.506 0.0548 0.0201 0.506 
422064 -0.38 0.604 0.0534 0.0202 0.506 0.0548 0.0200 0.504 
422066 -0.37 0.582 0.0530 0.0199 0.499 0.0551 0.0201 0.507 
422067 -0.38 0.585 0.0534 0.0202 0.506 0.0546 0.0199 0.501 
422068 -0.37 0.574 0.0532 0.0199 0.501 0.0546 0.0199 0.501 
422070 -0.38 0.563 0.0534 0.0202 0.506 0.0544 0.0198 0.499 
422074 -0.37 0.551 0.0533 0.0201 0.505 0.0541 0.0196 0.495 
422075 -0.37 0.553 0.0530 0.0198 0.498 0.0544 0.0197 0.497 
422084 -0.38 0.551 0.0529 0.0200 0.501 0.0539 0.0196 0.493 
422123 -0.39 0.603 0.0539 0.0202 0.507 0.0553 0.0201 0.507 
422124 -0.38 0.602 0.0536 0.0202 0.506 0.0548 0.0202 0.507 
422135 -0.37 0.573 0.0531 0.0199 0.501 0.0546 0.0199 0.500 
422141 -0.38 0.570 0.0531 0.0201 0.504 0.0547 0.0199 0.501 
422147 -0.37 0.571 0.0534 0.0202 0.506 0.0546 0.0199 0.501 
422148 -0.37 0.569 0.0528 0.0199 0.499 0.0547 0.0199 0.501 
422200 -0.38 0.605 0.0536 0.0203 0.509 0.0554 0.0202 0.510 
422201 -0.39 0.601 0.0536 0.0203 0.509 0.0553 0.0202 0.510 
422202 -0.38 0.584 0.0537 0.0203 0.509 0.0554 0.0202 0.509 
422203 -0.37 0.565 0.0539 0.0204 0.511 0.0555 0.0203 0.510 
422205 -0.37 0.557 0.0534 0.0201 0.504 0.0549 0.0199 0.503 
422255 -0.38 0.590 0.0542 0.0205 0.515 0.0557 0.0204 0.514 
422256 -0.37 0.578 0.0541 0.0205 0.513 0.0557 0.0203 0.512 
422262 -0.37 0.569 0.0544 0.0205 0.515 0.0557 0.0203 0.511 
422263 -0.37 0.565 0.0540 0.0204 0.512 0.0558 0.0203 0.511 
422266 -0.38 0.595 0.0547 0.0207 0.520 0.0564 0.0206 0.520 
422267 -0.37 0.589 0.0543 0.0205 0.514 0.0563 0.0205 0.516 
422268 -0.37 0.580 0.0545 0.0206 0.517 0.0561 0.0204 0.515 
422272 -0.37 0.581 0.0545 0.0206 0.516 0.0562 0.0204 0.514 
422273 -0.37 0.572 0.0546 0.0206 0.517 0.0561 0.0204 0.514 
422298 -0.37 0.575 0.0543 0.0205 0.514 0.0561 0.0204 0.514 
422314 -0.37 0.575 0.0545 0.0205 0.515 0.0562 0.0204 0.513 
422319 -0.37 0.563 0.0545 0.0206 0.516 0.0562 0.0202 0.511 
422322 -0.37 0.563 0.0544 0.0205 0.514 0.0561 0.0203 0.512 
422324 -0.37 0.557 0.0540 0.0203 0.510 0.0557 0.0201 0.507 
422531 -0.36 0.590 0.0538 0.0205 0.513 0.0560 0.0202 0.509 
422540 -0.37 0.587 0.0538 0.0202 0.508 0.0557 0.0202 0.509 
422543 -0.37 0.585 0.0538 0.0203 0.510 0.0558 0.0202 0.509 
422553 -0.36 0.567 0.0539 0.0203 0.510 0.0558 0.0202 0.510 
422562 -0.36 0.562 0.0539 0.0205 0.513 0.0558 0.0202 0.509 
422575 -0.37 0.561 0.0539 0.0204 0.511 0.0556 0.0200 0.506 
422611 -0.36 0.591 0.0550 0.0207 0.521 0.0566 0.0205 0.516 
422614 -0.36 0.562 0.0542 0.0203 0.511 0.0560 0.0203 0.512 
422615 -0.37 0.562 0.0548 0.0207 0.520 0.0564 0.0205 0.517 
422633 -0.37 0.565 0.0515 0.0202 0.505 0.0512 0.0199 0.499 
422640 -0.37 0.566 0.0514 0.0201 0.503 0.0511 0.0199 0.497 
422643 -0.37 0.565 0.0514 0.0201 0.503 0.0511 0.0199 0.498 
422756 -0.38 0.597 0.0516 0.0203 0.507 0.0514 0.0200 0.501 
422758 -0.38 0.590 0.0514 0.0201 0.503 0.0513 0.0199 0.497 
422762 -0.37 0.576 0.0513 0.0201 0.502 0.0512 0.0199 0.498 
422763 -0.37 0.574 0.0517 0.0202 0.505 0.0513 0.0200 0.500 
422779 -0.37 0.595 0.0517 0.0202 0.506 0.0517 0.0200 0.501 
422785 -0.37 0.579 0.0515 0.0201 0.504 0.0513 0.0199 0.499 
423041 -0.37 0.599 0.0516 0.0202 0.505 0.0516 0.0202 0.505 
423043 -0.37 0.599 0.0512 0.0201 0.502 0.0511 0.0200 0.500 
423101 -0.36 0.597 0.0512 0.0201 0.503 0.0521 0.0201 0.504 
423109 -0.36 0.595 0.0512 0.0201 0.502 0.0520 0.0202 0.506 
423110 -0.37 0.595 0.0512 0.0201 0.503 0.0519 0.0201 0.502 
423132 -0.37 0.592 0.0511 0.0200 0.500 0.0518 0.0201 0.504 
423149 -0.37 0.581 0.0511 0.0201 0.502 0.0515 0.0200 0.501 
423220 -0.37 0.596 0.0515 0.0202 0.505 0.0521 0.0202 0.505 
423263 -0.37 0.598 0.0515 0.0202 0.505 0.0520 0.0202 0.506 
423268 -0.37 0.595 0.0513 0.0200 0.500 0.0518 0.0200 0.501 
423275 -0.37 0.593 0.0518 0.0203 0.508 0.0517 0.0200 0.500 
423278 -0.37 0.591 0.0515 0.0202 0.504 0.0517 0.0200 0.501 
423290 -0.37 0.581 0.0513 0.0200 0.501 0.0515 0.0198 0.497 
423301 -0.35 0.595 0.0515 0.0201 0.503 0.0512 0.0198 0.496 
423311 -0.35 0.595 0.0511 0.0199 0.499 0.0514 0.0198 0.495 
423424 -0.37 0.591 0.0514 0.0200 0.501 0.0517 0.0200 0.500 
423432 -0.37 0.582 0.0514 0.0200 0.500 0.0516 0.0200 0.501 
423433 -0.37 0.588 0.0515 0.0200 0.500 0.0516 0.0199 0.499 
423546 -0.37 0.591 0.0524 0.0203 0.509 0.0528 0.0203 0.510 
423547 -0.37 0.597 0.0518 0.0202 0.505 0.0520 0.0201 0.504 
423548 -0.37 0.592 0.0516 0.0202 0.505 0.0519 0.0201 0.503 
423549 -0.37 0.583 0.0512 0.0198 0.496 0.0512 0.0197 0.494 
423550 -0.37 0.588 0.0516 0.0202 0.505 0.0519 0.0200 0.500 
423553 -0.37 0.587 0.0516 0.0202 0.505 0.0517 0.0200 0.500 
423576 -0.37 0.581 0.0518 0.0201 0.503 0.0519 0.0200 0.501 
423579 -0.37 0.580 0.0516 0.0202 0.504 0.0517 0.0199 0.499 
423632 -0.37 0.600 0.0520 0.0203 0.508 0.0522 0.0202 0.505 
423652 -0.37 0.594 0.0520 0.0203 0.507 0.0522 0.0202 0.505 
423663 -0.37 0.586 0.0520 0.0203 0.507 0.0520 0.0200 0.501 
423664 -0.37 0.613 0.0519 0.0202 0.505 0.0519 0.0200 0.502 
423676 -0.37 0.601 0.0525 0.0205 0.513 0.0530 0.0204 0.511 
423677 -0.37 0.604 0.0520 0.0202 0.505 0.0526 0.0204 0.510 
423679 -0.37 0.603 0.0522 0.0204 0.509 0.0524 0.0202 0.506 
423685 -0.37 0.598 0.0522 0.0203 0.508 0.0523 0.0201 0.504 
423696 -0.37 0.588 0.0523 0.0204 0.510 0.0523 0.0202 0.505 
423703 -0.37 0.586 0.0521 0.0203 0.507 0.0523 0.0201 0.504 
423820 -0.37 0.602 0.0535 0.0206 0.516 0.0527 0.0202 0.505 
423826 -0.38 0.601 0.0528 0.0205 0.512 0.0524 0.0202 0.506 
423828 -0.38 0.597 0.0526 0.0204 0.510 0.0523 0.0201 0.504 
423839 -0.38 0.587 0.0523 0.0202 0.506 0.0522 0.0201 0.503 
423843 -0.37 0.585 0.0523 0.0203 0.509 0.0522 0.0201 0.502 
423844 -0.37 0.579 0.0523 0.0203 0.509 0.0520 0.0199 0.499 
423845 -0.37 0.578 0.0521 0.0203 0.507 0.0520 0.0199 0.499 
423856 -0.37 0.597 0.0525 0.0203 0.509 0.0526 0.0202 0.507 
423860 -0.38 0.592 0.0524 0.0204 0.510 0.0524 0.0202 0.505 
424038 -0.37 0.601 0.0532 0.0205 0.514 0.0531 0.0207 0.518 
424039 -0.37 0.606 0.0528 0.0203 0.509 0.0527 0.0205 0.514 
424052 -0.37 0.590 0.0530 0.0203 0.509 0.0525 0.0204 0.509 
424053 -0.37 0.584 0.0529 0.0204 0.511 0.0524 0.0203 0.508 
424195 -0.50 0.576 0.0881 0.0375 0.931 0.0797 0.0338 0.838 
424227 -0.49 0.582 0.0888 0.0380 0.941 0.0810 0.0341 0.846 
424255 -0.49 0.591 0.0912 0.0390 0.966 0.0817 0.0346 0.858 
424257 -0.49 0.589 0.0894 0.0377 0.935 0.0799 0.0333 0.829 
424270 -0.49 0.600 0.0896 0.0381 0.945 0.0807 0.0339 0.842 
424272 -0.50 0.587 0.0892 0.0380 0.943 0.0800 0.0336 0.835 
424273 -0.50 0.584 0.0900 0.0384 0.951 0.0792 0.0333 0.826 
424275 -0.50 0.580 0.0889 0.0378 0.937 0.0792 0.0332 0.825 
424276 -0.50 0.580 0.0871 0.0369 0.915 0.0811 0.0344 0.854 
424356 -0.49 0.592 0.0537 0.0209 0.524 0.0541 0.0208 0.522 
424358 -0.49 0.609 0.0536 0.0209 0.523 0.0540 0.0208 0.521 
424365 -0.49 0.596 0.0541 0.0211 0.528 0.0549 0.0212 0.531 
424368 -0.49 0.594 0.0542 0.0212 0.530 0.0546 0.0211 0.528 
424371 -0.49 0.595 0.0538 0.0210 0.524 0.0544 0.0210 0.527 
424372 -0.49 0.593 0.0542 0.0211 0.529 0.0544 0.0210 0.526 
424439 -0.48 0.596 0.0537 0.0208 0.522 0.0547 0.0209 0.524 
424440 -0.48 0.620 0.0539 0.0210 0.525 0.0545 0.0210 0.526 
424443 -0.49 0.590 0.0538 0.0210 0.525 0.0543 0.0208 0.520 
424444 -0.49 0.589 0.0539 0.0208 0.520 0.0543 0.0209 0.522 
424557 -0.49 0.592 0.0539 0.0210 0.526 0.0545 0.0210 0.525 
424584 -0.49 0.583 0.0536 0.0209 0.522 0.0543 0.0209 0.524 
424585 -0.49 0.579 0.0536 0.0209 0.522 0.0542 0.0209 0.522 
424626 -0.49 0.593 0.0541 0.0211 0.527 0.0545 0.0210 0.526 
424627 -0.48 0.590 0.0543 0.0210 0.525 0.0542 0.0206 0.516 
424629 -0.49 0.595 0.0541 0.0210 0.527 0.0546 0.0210 0.525 
424671 -0.49 0.587 0.0544 0.0211 0.528 0.0544 0.0209 0.524 
424754 -0.49 0.582 0.0542 0.0210 0.526 0.0548 0.0210 0.527 
424756 -0.49 0.574 0.0543 0.0212 0.529 0.0546 0.0210 0.526 
424759 -0.48 0.598 0.0546 0.0212 0.530 0.0560 0.0216 0.542 
424763 -0.49 0.589 0.0545 0.0212 0.531 0.0550 0.0211 0.530 
424817 -0.48 0.598 0.0548 0.0214 0.534 0.0558 0.0215 0.539 
424827 -0.48 0.585 0.0543 0.0211 0.529 0.0550 0.0212 0.531 
424836 -0.48 0.581 0.0544 0.0212 0.530 0.0549 0.0210 0.526 
424877 -0.48 0.600 0.0546 0.0212 0.532 0.0553 0.0212 0.532 
424880 -0.49 0.589 0.0546 0.0212 0.530 0.0549 0.0211 0.529 
424885 -0.49 0.578 0.0543 0.0210 0.526 0.0547 0.0209 0.525 
424886 -0.49 0.577 0.0543 0.0208 0.522 0.0544 0.0208 0.522 
425006 -0.49 0.587 0.0554 0.0217 0.542 0.0560 0.0216 0.542 
425008 -0.49 0.600 0.0552 0.0215 0.538 0.0557 0.0214 0.537 
425011 -0.49 0.584 0.0550 0.0215 0.537 0.0555 0.0214 0.535 
425168 -0.49 0.586 0.0561 0.0213 0.535 0.0547 0.0209 0.525 
425172 -0.49 0.580 0.0565 0.0219 0.548 0.0543 0.0208 0.522 
425173 -0.49 0.580 0.0566 0.0218 0.545 0.0547 0.0210 0.527 
425212 -0.49 0.596 0.0573 0.0221 0.552 0.0562 0.0218 0.545 
425215 -0.50 0.595 0.0565 0.0215 0.538 0.0545 0.0208 0.520 
425289 -0.49 0.592 0.0563 0.0213 0.535 0.0545 0.0207 0.519 
425290 -0.50 0.591 0.0561 0.0211 0.530 0.0546 0.0208 0.521 
425292 -0.49 0.599 0.0563 0.0213 0.535 0.0542 0.0206 0.516 
425293 -0.49 0.583 0.0563 0.0215 0.538 0.0542 0.0205 0.514 
425294 -0.49 0.581 0.0563 0.0214 0.536 0.0544 0.0206 0.518 
425296 -0.49 0.587 0.0560 0.0213 0.534 0.0541 0.0205 0.513 
425377 -0.49 0.604 0.0578 0.0220 0.553 0.0559 0.0214 0.536 
425395 -0.49 0.601 0.0582 0.0222 0.557 0.0561 0.0214 0.537 
425403 -0.49 0.593 0.0575 0.0219 0.549 0.0552 0.0210 0.527 
425420 -0.49 0.600 0.0579 0.0220 0.552 0.0561 0.0213 0.534 
425428 -0.50 0.601 0.0583 0.0222 0.556 0.0562 0.0214 0.537 
425429 -0.49 0.631 0.0581 0.0221 0.554 0.0559 0.0212 0.532 
425433 -0.49 0.591 0.0575 0.0219 0.549 0.0555 0.0210 0.526 
425434 -0.50 0.587 0.0569 0.0215 0.539 0.0548 0.0207 0.519 
425553 -0.49 0.602 0.0584 0.0223 0.558 0.0575 0.0220 0.552 
425564 -0.49 0.598 0.0582 0.0221 0.555 0.0559 0.0211 0.529 
425566 -0.49 0.598 0.0577 0.0219 0.550 0.0560 0.0212 0.531 
425583 -0.49 0.592 0.0575 0.0217 0.544 0.0551 0.0207 0.520 
425688 -0.49 0.601 0.0581 0.0222 0.557 0.0563 0.0213 0.535 
425691 -0.49 0.594 0.0581 0.0223 0.559 0.0565 0.0215 0.539 
425692 -0.49 0.628 0.0578 0.0221 0.555 0.0565 0.0216 0.541 
425693 -0.49 0.591 0.0577 0.0221 0.553 0.0563 0.0215 0.538 
425694 -0.49 0.593 0.0579 0.0221 0.554 0.0565 0.0216 0.541 
426112 -0.48 0.672 0.0570 0.0215 0.541 0.0562 0.0214 0.536 
426113 -0.48 0.673 0.0567 0.0213 0.534 0.0553 0.0209 0.525 
426114 -0.48 0.667 0.0579 0.0221 0.555 0.0553 0.0210 0.526 
426115 -0.49 0.610 0.0535 0.0203 0.510 0.0540 0.0213 0.533 
426116 -0.49 0.604 0.0539 0.0206 0.515 0.0541 0.0214 0.535 
426117 -0.49 0.604 0.0537 0.0204 0.511 0.0539 0.0213 0.532 
426252 -0.49 0.679 0.0554 0.0211 0.530 0.0544 0.0215 0.538 
426273 -0.49 0.593 0.0540 0.0204 0.513 0.0539 0.0212 0.529 
426281 -0.50 0.592 0.0540 0.0205 0.513 0.0540 0.0212 0.531 
426282 -0.49 0.591 0.0541 0.0205 0.515 0.0537 0.0212 0.529 
426283 -0.50 0.591 0.0539 0.0204 0.512 0.0539 0.0213 0.532 
426307 -0.49 0.598 0.0546 0.0207 0.520 0.0549 0.0216 0.539 
426308 -0.48 0.598 0.0545 0.0207 0.519 0.0535 0.0212 0.528 
426313 -0.45 0.607 0.0542 0.0205 0.514 0.0515 0.0208 0.519 
426315 -0.49 0.589 0.0541 0.0205 0.514 0.0543 0.0214 0.534 
426316 -0.49 0.589 0.0540 0.0204 0.513 0.0542 0.0213 0.532 
426319 -0.49 0.589 0.0539 0.0204 0.512 0.0539 0.0212 0.530 
426320 -0.50 0.588 0.0538 0.0204 0.512 0.0540 0.0212 0.531 
426353 -0.49 0.608 0.0549 0.0210 0.527 0.0550 0.0216 0.539 
426365 -0.49 0.593 0.0541 0.0205 0.515 0.0543 0.0213 0.532 
426366 -0.49 0.591 0.0539 0.0204 0.512 0.0541 0.0212 0.530 
426383 -0.50 0.589 0.0544 0.0207 0.519 0.0538 0.0212 0.531 
426394 -0.50 0.583 0.0542 0.0206 0.517 0.0536 0.0211 0.528 
426397 -0.49 0.619 0.0560 0.0214 0.536 0.0557 0.0221 0.552 
426401 -0.49 0.612 0.0553 0.0210 0.527 0.0550 0.0217 0.542 
426406 -0.50 0.612 0.0550 0.0209 0.524 0.0547 0.0215 0.537 
426407 -0.50 0.604 0.0548 0.0208 0.522 0.0546 0.0215 0.538 
426409 -0.49 0.601 0.0545 0.0206 0.518 0.0542 0.0212 0.531 
426442 -0.49 0.617 0.0566 0.0217 0.543 0.0566 0.0225 0.561 
426443 -0.49 0.618 0.0564 0.0216 0.542 0.0563 0.0224 0.559 
426444 -0.49 0.613 0.0564 0.0216 0.541 0.0564 0.0224 0.560 
426461 -0.49 0.600 0.0558 0.0213 0.534 0.0557 0.0221 0.551 
427013 -0.49 0.589 0.0523 0.0204 0.510 0.0520 0.0197 0.495 
427019 -0.49 0.585 0.0521 0.0203 0.507 0.0514 0.0195 0.489 
427020 -0.50 0.585 0.0515 0.0200 0.500 0.0509 0.0193 0.483 
427021 -0.49 0.580 0.0515 0.0199 0.499 0.0507 0.0192 0.481 
427024 -0.50 0.579 0.0513 0.0199 0.497 0.0507 0.0193 0.483 
427025 -0.50 0.578 0.0513 0.0198 0.496 0.0507 0.0192 0.483 
427027 -0.50 0.576 0.0514 0.0199 0.497 0.0504 0.0189 0.476 
427111 -0.49 0.677 0.0534 0.0205 0.514 0.0529 0.0201 0.504 
427129 -0.49 0.647 0.0541 0.0205 0.514 0.0526 0.0198 0.496 
427135 -0.49 0.620 0.0532 0.0206 0.515 0.0523 0.0198 0.496 
427136 -0.49 0.621 0.0534 0.0207 0.517 0.0513 0.0194 0.486 
427137 -0.49 0.620 0.0529 0.0203 0.510 0.0519 0.0195 0.490 
427141 -0.49 0.612 0.0526 0.0202 0.506 0.0517 0.0194 0.488 
427144 -0.49 0.687 0.0544 0.0215 0.538 0.0539 0.0204 0.511 
427145 -0.49 0.681 0.0541 0.0209 0.522 0.0531 0.0201 0.504 
427146 -0.49 0.679 0.0544 0.0209 0.525 0.0528 0.0200 0.501 
427147 -0.49 0.650 0.0539 0.0207 0.518 0.0527 0.0197 0.495 
427148 -0.49 0.624 0.0534 0.0203 0.510 0.0524 0.0196 0.493 
427149 -0.49 0.632 0.0534 0.0204 0.512 0.0522 0.0194 0.488 
427262 -0.49 0.682 0.0555 0.0213 0.534 0.0549 0.0207 0.519 
427264 -0.48 0.688 0.0555 0.0212 0.532 0.0544 0.0201 0.505 
427360 -0.49 0.687 0.0555 0.0213 0.535 0.0544 0.0205 0.514 
427361 -0.49 0.681 0.0555 0.0213 0.534 0.0538 0.0201 0.505 
427362 -0.49 0.682 0.0557 0.0210 0.528 0.0532 0.0190 0.480 
427363 -0.49 0.680 0.0544 0.0209 0.523 0.0539 0.0202 0.507 
427366 -0.48 0.667 0.0547 0.0208 0.522 0.0531 0.0196 0.493 
427367 -0.48 0.646 0.0547 0.0208 0.522 0.0534 0.0197 0.496 
427373 -0.49 0.650 0.0543 0.0207 0.519 0.0535 0.0199 0.500 
427377 -0.49 0.624 0.0547 0.0211 0.527 0.0526 0.0189 0.478 
427380 -0.50 0.623 0.0542 0.0208 0.521 0.0531 0.0198 0.498 
427383 -0.49 0.630 0.0537 0.0203 0.510 0.0529 0.0198 0.497 
427384 -0.49 0.617 0.0540 0.0207 0.518 0.0527 0.0194 0.489 
427385 -0.50 0.616 0.0538 0.0204 0.511 0.0527 0.0196 0.493 
427388 -0.48 0.676 0.0559 0.0216 0.541 0.0547 0.0205 0.514 
427389 -0.50 0.678 0.0551 0.0212 0.531 0.0546 0.0204 0.512 
427390 -0.49 0.647 0.0549 0.0210 0.526 0.0538 0.0200 0.502 
427391 -0.49 0.645 0.0546 0.0209 0.525 0.0536 0.0200 0.502 
427393 -0.49 0.620 0.0546 0.0207 0.520 0.0537 0.0200 0.502 
427394 -0.49 0.631 0.0542 0.0209 0.523 0.0537 0.0199 0.501 
427397 -0.49 0.676 0.0552 0.0213 0.532 0.0548 0.0205 0.516 
427398 -0.48 0.677 0.0558 0.0215 0.539 0.0548 0.0205 0.514 
427481 -0.49 0.684 0.0566 0.0217 0.543 0.0554 0.0207 0.519 
427482 -0.49 0.686 0.0559 0.0216 0.540 0.0545 0.0204 0.514 
427483 -0.49 0.682 0.0557 0.0213 0.533 0.0547 0.0205 0.515 
427484 -0.49 0.682 0.0553 0.0213 0.534 0.0544 0.0202 0.509 
427485 -0.49 0.677 0.0551 0.0209 0.524 0.0541 0.0201 0.505 
427486 -0.49 0.647 0.0550 0.0212 0.531 0.0541 0.0203 0.510 
427498 -0.48 0.684 0.0563 0.0216 0.541 0.0557 0.0208 0.522 
427499 -0.49 0.689 0.0564 0.0215 0.540 0.0551 0.0206 0.518 
427500 -0.49 0.681 0.0558 0.0215 0.539 0.0548 0.0205 0.515 
427502 -0.49 0.683 0.0558 0.0217 0.542 0.0545 0.0202 0.508 
427508 -0.49 0.679 0.0556 0.0213 0.533 0.0542 0.0201 0.506 
427510 -0.49 0.677 0.0548 0.0209 0.525 0.0540 0.0201 0.505 
427514 -0.49 0.670 0.0553 0.0212 0.531 0.0540 0.0200 0.503 
427523 -0.49 0.681 0.0564 0.0215 0.540 0.0548 0.0205 0.514 
427527 -0.49 0.674 0.0546 0.0208 0.522 0.0545 0.0201 0.505 
427529 -0.48 0.669 0.0554 0.0211 0.529 0.0544 0.0202 0.509 
427530 -0.49 0.630 0.0551 0.0210 0.526 0.0536 0.0196 0.495 
427605 -0.48 0.689 0.0564 0.0216 0.541 0.0561 0.0210 0.527 
427654 -0.48 0.684 0.0565 0.0217 0.544 0.0559 0.0211 0.530 
427656 -0.49 0.681 0.0559 0.0215 0.538 0.0547 0.0204 0.512 
427657 -0.49 0.683 0.0558 0.0206 0.519 0.0544 0.0202 0.508 
427658 -0.49 0.684 0.0553 0.0211 0.528 0.0555 0.0206 0.518 
427660 -0.49 0.684 0.0555 0.0212 0.531 0.0542 0.0203 0.510 
427661 -0.49 0.676 0.0555 0.0213 0.533 0.0543 0.0199 0.502 
427662 -0.49 0.677 0.0554 0.0211 0.530 0.0537 0.0198 0.498 
427670 -0.50 0.625 0.0550 0.0211 0.530 0.0540 0.0201 0.505 
427671 -0.50 0.644 0.0543 0.0202 0.508 0.0535 0.0197 0.495 
427672 -0.49 0.669 0.0546 0.0207 0.520 0.0532 0.0195 0.491 
427673 -0.49 0.667 0.0554 0.0208 0.522 0.0536 0.0192 0.486 
427674 -0.49 0.662 0.0544 0.0206 0.518 0.0541 0.0199 0.500 
427708 -0.48 0.713 0.0570 0.0219 0.549 0.0557 0.0206 0.518 
427709 -0.48 0.711 0.0545 0.0200 0.504 0.0555 0.0208 0.522 
427710 -0.49 0.684 0.0563 0.0216 0.540 0.0553 0.0207 0.520 
427711 -0.48 0.684 0.0560 0.0214 0.537 0.0547 0.0204 0.513 
427712 -0.49 0.678 0.0554 0.0209 0.525 0.0551 0.0205 0.515 
427713 -0.49 0.678 0.0551 0.0209 0.524 0.0545 0.0202 0.509 
427805 -0.49 0.677 0.0561 0.0216 0.540 0.0551 0.0207 0.520 
427806 -0.49 0.681 0.0568 0.0218 0.547 0.0546 0.0202 0.507 
427807 -0.49 0.680 0.0556 0.0211 0.528 0.0541 0.0198 0.498 
427810 -0.49 0.671 0.0541 0.0198 0.500 0.0545 0.0201 0.507 
427811 -0.49 0.677 0.0559 0.0214 0.537 0.0548 0.0205 0.516 
427813 -0.49 0.649 0.0553 0.0212 0.531 0.0543 0.0202 0.508 
427814 -0.50 0.624 0.0551 0.0211 0.530 0.0539 0.0200 0.502 
427815 -0.50 0.631 0.0550 0.0210 0.527 0.0538 0.0198 0.498 
427829 -0.49 0.628 0.0546 0.0205 0.514 0.0540 0.0197 0.497 
427878 -0.48 0.688 0.0634 0.0235 0.591 0.0613 0.0234 0.587 
427879 -0.48 0.685 0.0630 0.0234 0.589 0.0606 0.0232 0.581 
427881 -0.48 0.654 0.0620 0.0231 0.581 0.0597 0.0223 0.560 
427882 -0.48 0.660 0.0622 0.0229 0.577 0.0599 0.0227 0.569 
427883 -0.48 0.689 0.0612 0.0216 0.547 0.0616 0.0225 0.566 
427885 -0.48 0.678 0.0627 0.0233 0.586 0.0602 0.0229 0.574 
427886 -0.48 0.653 0.0620 0.0229 0.576 0.0596 0.0227 0.570 
427887 -0.48 0.651 0.0617 0.0228 0.573 0.0601 0.0232 0.581 
427963 -0.48 0.693 0.0631 0.0233 0.587 0.0614 0.0234 0.588 
427964 -0.48 0.692 0.0628 0.0231 0.582 0.0607 0.0231 0.579 
427965 -0.48 0.687 0.0621 0.0228 0.575 0.0603 0.0229 0.574 
427968 -0.49 0.646 0.0629 0.0224 0.565 0.0597 0.0224 0.563 
427970 -0.49 0.630 0.0622 0.0230 0.577 0.0601 0.0229 0.575 
427974 -0.48 0.695 0.0634 0.0234 0.588 0.0610 0.0231 0.580 
427975 -0.48 0.691 0.0644 0.0240 0.602 0.0604 0.0228 0.572 
427977 -0.48 0.686 0.0625 0.0230 0.580 0.0604 0.0232 0.581 
427979 -0.49 0.683 0.0622 0.0228 0.575 0.0608 0.0234 0.585 
427980 -0.48 0.685 0.0628 0.0232 0.584 0.0600 0.0227 0.570 
427982 -0.48 0.656 0.0619 0.0226 0.570 0.0590 0.0220 0.553 
427984 -0.49 0.652 0.0620 0.0227 0.572 0.0595 0.0226 0.568 
428166 -0.48 0.698 0.0644 0.0239 0.602 0.0614 0.0236 0.590 
428168 -0.48 0.691 0.0619 0.0226 0.568 0.0611 0.0236 0.591 
428169 -0.48 0.692 0.0630 0.0234 0.588 0.0612 0.0236 0.592 
428171 -0.48 0.685 0.0623 0.0228 0.574 0.0602 0.0231 0.579 
428204 -0.48 0.697 0.0631 0.0233 0.586 0.0615 0.0237 0.594 
428206 -0.48 0.687 0.0627 0.0233 0.585 0.0606 0.0230 0.577 
428207 -0.48 0.686 0.0628 0.0234 0.587 0.0603 0.0231 0.580 
428208 -0.48 0.682 0.0626 0.0231 0.582 0.0606 0.0232 0.582 
428211 -0.48 0.647 0.0625 0.0230 0.578 0.0607 0.0227 0.571 
428212 -0.48 0.653 0.0624 0.0230 0.579 0.0602 0.0229 0.575 
428255 -0.47 0.699 0.0644 0.0236 0.595 0.0620 0.0229 0.575 
428256 -0.47 0.693 0.0632 0.0234 0.589 0.0613 0.0236 0.591 
428260 -0.47 0.684 0.0619 0.0230 0.578 0.0602 0.0225 0.566 
428261 -0.48 0.697 0.0640 0.0234 0.590 0.0620 0.0238 0.597 
428262 -0.47 0.683 0.0632 0.0234 0.590 0.0612 0.0236 0.591 
428263 -0.48 0.694 0.0640 0.0238 0.598 0.0615 0.0237 0.593 
428264 -0.47 0.684 0.0636 0.0234 0.590 0.0611 0.0231 0.581 
428265 -0.48 0.690 0.0637 0.0233 0.587 0.0615 0.0235 0.588 
428266 -0.47 0.692 0.0629 0.0227 0.573 0.0593 0.0221 0.555 
428267 -0.48 0.679 0.0640 0.0237 0.596 0.0618 0.0239 0.597 
428268 -0.48 0.682 0.0627 0.0233 0.587 0.0598 0.0224 0.564 
428269 -0.48 0.683 0.0633 0.0235 0.591 0.0609 0.0234 0.586 
428272 -0.48 0.655 0.0635 0.0237 0.595 0.0609 0.0233 0.584 
428273 -0.48 0.630 0.0630 0.0233 0.586 0.0603 0.0229 0.576 
428318 -0.47 0.698 0.0640 0.0235 0.592 0.0627 0.0244 0.609 
428319 -0.48 0.698 0.0642 0.0239 0.600 0.0618 0.0237 0.595 
428321 -0.48 0.694 0.0633 0.0235 0.590 0.0616 0.0236 0.591 
428323 -0.49 0.685 0.0626 0.0228 0.575 0.0614 0.0227 0.572 
428324 -0.47 0.702 0.0624 0.0226 0.570 0.0609 0.0230 0.578 
428325 -0.48 0.691 0.0630 0.0233 0.586 0.0612 0.0232 0.582 
428326 -0.49 0.688 0.0629 0.0231 0.582 0.0608 0.0232 0.582 
428328 -0.48 0.687 0.0632 0.0233 0.586 0.0607 0.0232 0.580 
428329 -0.48 0.682 0.0631 0.0234 0.589 0.0604 0.0230 0.576 
428331 -0.48 0.632 0.0628 0.0232 0.584 0.0604 0.0229 0.573 
428377 -0.47 0.688 0.0628 0.0232 0.584 0.0611 0.0234 0.587 
428379 -0.48 0.685 0.0626 0.0231 0.581 0.0603 0.0229 0.574 
428381 -0.48 0.659 0.0628 0.0232 0.584 0.0600 0.0228 0.571 
428382 -0.49 0.660 0.0621 0.0228 0.575 0.0604 0.0231 0.579 
428384 -0.48 0.658 0.0624 0.0227 0.572 0.0600 0.0227 0.569 
428385 -0.48 0.635 0.0624 0.0229 0.576 0.0599 0.0227 0.568 
428386 -0.48 0.634 0.0623 0.0230 0.580 0.0599 0.0227 0.570 
428431 -0.48 0.726 0.0632 0.0232 0.585 0.0613 0.0235 0.589 
428432 -0.48 0.698 0.0636 0.0234 0.589 0.0612 0.0235 0.589 
428433 -0.48 0.693 0.0632 0.0234 0.588 0.0605 0.0229 0.575 
428446 -0.48 0.686 0.0621 0.0229 0.576 0.0601 0.0229 0.573 
428447 -0.48 0.681 0.0619 0.0225 0.566 0.0602 0.0228 0.573 
428448 -0.49 0.634 0.0622 0.0227 0.573 0.0598 0.0227 0.570 
428451 -0.48 0.701 0.0629 0.0227 0.572 0.0607 0.0232 0.582 
428452 -0.48 0.701 0.0629 0.0231 0.582 0.0612 0.0234 0.586 
428453 -0.48 0.692 0.0627 0.0231 0.582 0.0605 0.0230 0.577 
428454 -0.48 0.694 0.0617 0.0222 0.560 0.0614 0.0230 0.577 
428455 -0.48 0.690 0.0626 0.0230 0.578 0.0604 0.0229 0.575 
428459 -0.48 0.658 0.0623 0.0229 0.576 0.0597 0.0225 0.566 
428460 -0.48 0.634 0.0618 0.0226 0.569 0.0597 0.0227 0.569 
428601 -0.47 0.679 0.0629 0.0232 0.585 0.0616 0.0234 0.587 
428602 -0.48 0.684 0.0625 0.0231 0.581 0.0607 0.0232 0.581 
428603 -0.48 0.655 0.0626 0.0232 0.583 0.0608 0.0231 0.578 
428604 -0.48 0.651 0.0627 0.0231 0.581 0.0598 0.0226 0.568 
428605 -0.49 0.637 0.0619 0.0226 0.569 0.0590 0.0223 0.560 
428607 -0.49 0.634 0.0621 0.0226 0.570 0.0598 0.0227 0.568 
428608 -0.48 0.618 0.0618 0.0226 0.569 0.0595 0.0225 0.564 
428609 -0.48 0.614 0.0616 0.0226 0.570 0.0601 0.0229 0.573 
428610 -0.49 0.610 0.0619 0.0226 0.570 0.0592 0.0224 0.562 
428613 -0.48 0.688 0.0627 0.0229 0.578 0.0608 0.0231 0.580 
428614 -0.48 0.686 0.0632 0.0233 0.587 0.0608 0.0232 0.582 
428615 -0.49 0.674 0.0620 0.0216 0.546 0.0595 0.0216 0.544 
428616 -0.48 0.678 0.0626 0.0230 0.579 0.0602 0.0230 0.578 
428618 -0.48 0.637 0.0617 0.0226 0.569 0.0598 0.0227 0.570 
428710 -0.48 0.687 0.0638 0.0237 0.597 0.0613 0.0233 0.584 
428714 -0.49 0.670 0.0563 0.0215 0.540 0.0565 0.0217 0.543 
428715 -0.49 0.623 0.0561 0.0214 0.536 0.0561 0.0214 0.537 
428717 -0.49 0.628 0.0561 0.0214 0.537 0.0560 0.0214 0.536 
428728 -0.48 0.686 0.0585 0.0220 0.553 0.0589 0.0222 0.557 
428730 -0.48 0.685 0.0578 0.0225 0.563 0.0585 0.0228 0.571 
428733 -0.48 0.680 0.0561 0.0211 0.530 0.0551 0.0207 0.521 
428734 -0.48 0.685 0.0571 0.0220 0.551 0.0569 0.0217 0.544 
428735 -0.48 0.682 0.0563 0.0215 0.539 0.0567 0.0219 0.548 
428736 -0.48 0.676 0.0564 0.0217 0.544 0.0566 0.0216 0.541 
428737 -0.48 0.638 0.0571 0.0210 0.528 0.0542 0.0194 0.490 
428738 -0.49 0.646 0.0557 0.0212 0.532 0.0563 0.0217 0.543 
428739 -0.49 0.623 0.0558 0.0213 0.535 0.0560 0.0213 0.535 
428754 -0.48 0.679 0.0560 0.0210 0.527 0.0566 0.0216 0.543 
428755 -0.48 0.681 0.0564 0.0216 0.542 0.0569 0.0218 0.546 
428757 -0.48 0.682 0.0562 0.0215 0.540 0.0569 0.0218 0.547 
428758 -0.48 0.672 0.0572 0.0220 0.551 0.0557 0.0210 0.527 
428759 -0.48 0.673 0.0564 0.0215 0.538 0.0562 0.0214 0.537 
428760 -0.49 0.644 0.0565 0.0218 0.545 0.0565 0.0216 0.540 
428762 -0.49 0.627 0.0559 0.0213 0.533 0.0559 0.0210 0.528 
428763 -0.48 0.620 0.0563 0.0214 0.537 0.0563 0.0213 0.535 
428771 -0.48 0.685 0.0584 0.0225 0.563 0.0580 0.0221 0.553 
428772 -0.48 0.680 0.0567 0.0216 0.543 0.0580 0.0223 0.558 
428891 -0.48 0.681 0.0560 0.0215 0.539 0.0571 0.0219 0.550 
428892 -0.48 0.677 0.0581 0.0227 0.569 0.0575 0.0213 0.536 
428893 -0.48 0.679 0.0566 0.0216 0.543 0.0565 0.0216 0.541 
428894 -0.48 0.648 0.0560 0.0213 0.534 0.0563 0.0215 0.538 
428896 -0.49 0.623 0.0557 0.0213 0.533 0.0564 0.0216 0.542 
428898 -0.49 0.637 0.0556 0.0211 0.530 0.0557 0.0208 0.523 
428929 -0.48 0.692 0.0571 0.0218 0.547 0.0576 0.0221 0.554 
428930 -0.48 0.685 0.0565 0.0217 0.544 0.0574 0.0219 0.549 
428931 -0.48 0.679 0.0560 0.0214 0.537 0.0565 0.0216 0.542 
428933 -0.49 0.647 0.0563 0.0216 0.541 0.0561 0.0213 0.535 
428934 -0.49 0.631 0.0561 0.0212 0.533 0.0566 0.0215 0.540 
429007 -0.49 0.676 0.0570 0.0219 0.548 0.0564 0.0214 0.538 
429010 -0.48 0.687 0.0574 0.0219 0.550 0.0577 0.0222 0.556 
429014 -0.48 0.680 0.0566 0.0218 0.545 0.0569 0.0218 0.547 
429016 -0.48 0.680 0.0562 0.0214 0.538 0.0570 0.0218 0.546 
429017 -0.48 0.674 0.0561 0.0214 0.537 0.0560 0.0211 0.529 
429022 -0.48 0.697 0.0574 0.0220 0.551 0.0578 0.0220 0.552 
429023 -0.49 0.692 0.0571 0.0219 0.548 0.0579 0.0223 0.558 
429024 -0.48 0.693 0.0573 0.0220 0.552 0.0568 0.0220 0.550 
429025 -0.48 0.687 0.0567 0.0217 0.545 0.0573 0.0219 0.549 
429026 -0.48 0.682 0.0568 0.0217 0.544 0.0562 0.0212 0.531 
429027 -0.48 0.677 0.0562 0.0215 0.539 0.0562 0.0213 0.533 
429029 -0.49 0.644 0.0563 0.0213 0.534 0.0560 0.0213 0.534 
429062 -0.48 0.715 0.0575 0.0221 0.553 0.0581 0.0222 0.556 
429066 -0.48 0.677 0.0571 0.0219 0.548 0.0572 0.0218 0.547 
429067 -0.49 0.668 0.0566 0.0217 0.544 0.0566 0.0213 0.535 
429068 -0.49 0.643 0.0561 0.0214 0.537 0.0567 0.0217 0.544 
429069 -0.49 0.626 0.0560 0.0213 0.535 0.0564 0.0215 0.540 
429070 -0.49 0.625 0.0563 0.0216 0.542 0.0563 0.0215 0.538 
429071 -0.49 0.611 0.0560 0.0214 0.537 0.0565 0.0215 0.539 
429112 -0.48 0.691 0.0574 0.0223 0.558 0.0580 0.0222 0.557 
429114 -0.48 0.685 0.0568 0.0218 0.547 0.0576 0.0220 0.552 
429115 -0.48 0.681 0.0567 0.0218 0.546 0.0569 0.0217 0.543 
429126 -0.48 0.720 0.0579 0.0223 0.558 0.0582 0.0222 0.557 
429127 -0.48 0.686 0.0574 0.0216 0.542 0.0581 0.0216 0.543 
429128 -0.49 0.685 0.0573 0.0220 0.552 0.0578 0.0221 0.554 
429129 -0.48 0.689 0.0558 0.0211 0.529 0.0583 0.0224 0.562 
429132 -0.48 0.680 0.0569 0.0219 0.549 0.0573 0.0217 0.545 
429133 -0.48 0.679 0.0559 0.0213 0.534 0.0575 0.0226 0.564 
429351 -0.48 0.646 0.0565 0.0214 0.538 0.0567 0.0216 0.541 
429353 -0.49 0.627 0.0562 0.0215 0.540 0.0564 0.0215 0.538 
429355 -0.49 0.612 0.0564 0.0217 0.545 0.0566 0.0218 0.546 
429359 -0.49 0.603 0.0557 0.0214 0.536 0.0564 0.0217 0.543 
429361 -0.48 0.685 0.0573 0.0220 0.552 0.0577 0.0223 0.557 
429364 -0.48 0.677 0.0562 0.0217 0.544 0.0567 0.0218 0.545 
429365 -0.47 0.676 0.0560 0.0213 0.535 0.0563 0.0217 0.542 
429366 -0.48 0.648 0.0562 0.0216 0.541 0.0568 0.0217 0.544 
429368 -0.49 0.623 0.0560 0.0215 0.538 0.0563 0.0214 0.538 
429370 -0.49 0.623 0.0558 0.0213 0.535 0.0566 0.0216 0.542 
429503 -0.49 0.644 0.0572 0.0218 0.547 0.0574 0.0221 0.553 
429504 -0.48 0.644 0.0562 0.0215 0.539 0.0564 0.0214 0.537 
429505 -0.49 0.639 0.0562 0.0216 0.541 0.0567 0.0215 0.540 
429506 -0.49 0.639 0.0558 0.0212 0.532 0.0560 0.0211 0.529 
429512 -0.49 0.621 0.0554 0.0212 0.531 0.0561 0.0211 0.530 
429518 -0.49 0.627 0.0556 0.0212 0.531 0.0559 0.0213 0.533 
429519 -0.49 0.624 0.0556 0.0213 0.533 0.0555 0.0211 0.530 
429549 -0.46 0.689 0.0573 0.0207 0.522 0.0582 0.0215 0.540 
429551 -0.46 0.681 0.0570 0.0206 0.519 0.0574 0.0209 0.528 
429552 -0.46 0.677 0.0573 0.0207 0.522 0.0577 0.0209 0.527 
429554 -0.47 0.647 0.0578 0.0210 0.530 0.0581 0.0211 0.532 
429555 -0.46 0.622 0.0573 0.0208 0.525 0.0576 0.0210 0.530 
429556 -0.46 0.620 0.0577 0.0211 0.531 0.0576 0.0210 0.528 
429589 -0.46 0.690 0.0586 0.0212 0.535 0.0587 0.0217 0.545 
429590 -0.46 0.685 0.0581 0.0212 0.534 0.0587 0.0215 0.542 
429591 -0.46 0.681 0.0577 0.0209 0.528 0.0584 0.0215 0.541 
429592 -0.46 0.676 0.0579 0.0210 0.530 0.0583 0.0214 0.538 
429593 -0.47 0.649 0.0578 0.0210 0.529 0.0581 0.0210 0.530 
429594 -0.46 0.624 0.0573 0.0208 0.524 0.0576 0.0208 0.524 
429595 -0.46 0.627 0.0573 0.0206 0.520 0.0578 0.0210 0.530 
429596 -0.46 0.626 0.0569 0.0205 0.517 0.0573 0.0209 0.526 
429676 -0.46 0.694 0.0575 0.0209 0.526 0.0584 0.0214 0.539 
429678 -0.45 0.691 0.0574 0.0208 0.524 0.0583 0.0209 0.528 
429679 -0.46 0.686 0.0571 0.0206 0.520 0.0578 0.0211 0.532 
429680 -0.45 0.682 0.0578 0.0206 0.520 0.0577 0.0212 0.534 
429685 -0.46 0.681 0.0570 0.0205 0.518 0.0580 0.0212 0.533 
429686 -0.46 0.680 0.0565 0.0202 0.510 0.0571 0.0205 0.517 
429687 -0.25 0.701 0.0588 0.0211 0.532 0.0587 0.0208 0.526 
429688 -0.46 0.652 0.0567 0.0204 0.515 0.0573 0.0208 0.524 
429689 -0.47 0.625 0.0570 0.0205 0.518 0.0574 0.0206 0.520 
429691 -0.46 0.623 0.0573 0.0207 0.523 0.0577 0.0210 0.529 
429696 -0.47 0.621 0.0577 0.0207 0.523 0.0587 0.0215 0.542 
429787 -0.45 0.693 0.0579 0.0211 0.531 0.0583 0.0209 0.527 
429789 -0.45 0.694 0.0582 0.0213 0.535 0.0587 0.0215 0.542 
429795 -0.45 0.682 0.0578 0.0208 0.525 0.0582 0.0213 0.537 
429796 -0.45 0.681 0.0572 0.0206 0.520 0.0583 0.0214 0.539 
429797 -0.45 0.677 0.0576 0.0208 0.525 0.0586 0.0214 0.540 
429798 -0.46 0.627 0.0575 0.0206 0.519 0.0585 0.0212 0.533 
429801 -0.46 0.629 0.0570 0.0206 0.520 0.0578 0.0209 0.528 
429802 -0.46 0.618 0.0572 0.0207 0.523 0.0577 0.0210 0.529 
429886 -0.45 0.695 0.0577 0.0211 0.531 0.0587 0.0215 0.542 
429887 -0.45 0.694 0.0579 0.0211 0.531 0.0591 0.0216 0.544 
429888 -0.45 0.692 0.0575 0.0204 0.516 0.0589 0.0217 0.545 
429889 -0.45 0.686 0.0579 0.0210 0.529 0.0588 0.0216 0.543 
429890 -0.45 0.680 0.0574 0.0207 0.522 0.0589 0.0215 0.541 
429893 -0.45 0.679 0.0575 0.0208 0.524 0.0581 0.0212 0.534 
429894 -0.45 0.630 0.0577 0.0209 0.528 0.0585 0.0212 0.535 
429895 -0.45 0.618 0.0579 0.0208 0.526 0.0585 0.0213 0.538 
429905 -0.45 0.685 0.0582 0.0211 0.533 0.0587 0.0214 0.538 
429906 -0.45 0.651 0.0575 0.0206 0.521 0.0585 0.0215 0.541 
429909 -0.45 0.670 0.0576 0.0209 0.526 0.0582 0.0211 0.532 
429912 -0.46 0.614 0.0565 0.0203 0.513 0.0573 0.0208 0.525 
429915 -0.46 0.605 0.0565 0.0203 0.511 0.0569 0.0205 0.518 
430013 -0.46 0.682 0.0540 0.0200 0.503 0.0553 0.0203 0.511 
430014 -0.46 0.679 0.0535 0.0195 0.492 0.0554 0.0205 0.516 
430016 -0.46 0.653 0.0537 0.0196 0.495 0.0550 0.0201 0.507 
430017 -0.46 0.630 0.0535 0.0194 0.489 0.0551 0.0201 0.507 
430022 -0.45 0.718 0.0549 0.0202 0.509 0.0560 0.0206 0.519 
430023 -0.46 0.685 0.0543 0.0201 0.505 0.0556 0.0203 0.512 
430024 -0.46 0.680 0.0544 0.0200 0.503 0.0556 0.0202 0.510 
430116 -0.46 0.723 0.0553 0.0205 0.516 0.0570 0.0210 0.529 
430117 -0.46 0.692 0.0551 0.0203 0.510 0.0570 0.0210 0.530 
430119 -0.46 0.684 0.0548 0.0198 0.500 0.0562 0.0203 0.511 
430120 -0.46 0.693 0.0545 0.0200 0.504 0.0562 0.0206 0.519 
430121 -0.46 0.685 0.0544 0.0203 0.510 0.0557 0.0201 0.506 
430123 -0.46 0.684 0.0545 0.0202 0.508 0.0559 0.0207 0.521 
430124 -0.47 0.678 0.0541 0.0197 0.497 0.0554 0.0202 0.510 
430125 -0.46 0.629 0.0542 0.0199 0.501 0.0558 0.0206 0.518 
430128 -0.47 0.639 0.0540 0.0197 0.496 0.0553 0.0201 0.506 
430131 -0.46 0.635 0.0540 0.0198 0.499 0.0549 0.0200 0.504 
430133 -0.45 0.696 0.0550 0.0203 0.511 0.0566 0.0208 0.524 
430134 -0.45 0.691 0.0549 0.0202 0.508 0.0567 0.0209 0.525 
430136 -0.45 0.689 0.0546 0.0196 0.494 0.0568 0.0206 0.519 
430141 -0.46 0.684 0.0550 0.0202 0.510 0.0571 0.0211 0.532 
430142 -0.46 0.681 0.0552 0.0203 0.510 0.0566 0.0208 0.525 
430143 -0.46 0.652 0.0548 0.0201 0.506 0.0564 0.0207 0.522 
430234 -0.45 0.699 0.0556 0.0206 0.518 0.0572 0.0209 0.527 
430235 -0.45 0.691 0.0558 0.0208 0.522 0.0574 0.0212 0.534 
430236 -0.46 0.690 0.0552 0.0203 0.512 0.0572 0.0210 0.529 
430237 -0.47 0.686 0.0548 0.0199 0.501 0.0562 0.0205 0.517 
430238 -0.46 0.684 0.0551 0.0203 0.510 0.0566 0.0208 0.524 
430239 -0.46 0.678 0.0541 0.0197 0.495 0.0564 0.0207 0.521 
430240 -0.46 0.680 0.0551 0.0203 0.511 0.0566 0.0208 0.524 
430241 -0.46 0.631 0.0549 0.0201 0.505 0.0565 0.0207 0.522 
430242 -0.46 0.629 0.0551 0.0202 0.509 0.0565 0.0208 0.523 
430277 -0.46 0.702 0.0557 0.0207 0.520 0.0578 0.0214 0.539 
430278 -0.46 0.694 0.0554 0.0204 0.514 0.0573 0.0213 0.535 
430279 -0.46 0.691 0.0553 0.0204 0.514 0.0569 0.0208 0.524 
430280 -0.46 0.686 0.0551 0.0203 0.511 0.0568 0.0210 0.527 
430281 -0.46 0.681 0.0549 0.0201 0.506 0.0568 0.0208 0.525 
430384 -0.46 0.695 0.0554 0.0205 0.516 0.0567 0.0213 0.534 
430386 -0.46 0.697 0.0553 0.0202 0.510 0.0569 0.0208 0.524 
430389 -0.46 0.691 0.0556 0.0205 0.516 0.0567 0.0207 0.521 
430390 -0.46 0.690 0.0548 0.0202 0.509 0.0563 0.0206 0.518 
430393 -0.46 0.685 0.0551 0.0203 0.510 0.0561 0.0205 0.517 
430406 -0.45 0.731 0.0552 0.0203 0.511 0.0565 0.0208 0.524 
430407 -0.46 0.698 0.0547 0.0201 0.507 0.0561 0.0206 0.518 
430408 -0.46 0.693 0.0549 0.0202 0.508 0.0562 0.0207 0.521 
430409 -0.46 0.690 0.0544 0.0199 0.500 0.0563 0.0207 0.522 
430414 -0.46 0.684 0.0540 0.0197 0.496 0.0557 0.0203 0.512 
430415 -0.46 0.656 0.0543 0.0199 0.502 0.0555 0.0202 0.508 
430494 -0.46 0.740 0.0566 0.0204 0.515 0.0574 0.0205 0.518 
430496 -0.46 0.726 0.0557 0.0204 0.514 0.0570 0.0210 0.528 
430497 -0.46 0.691 0.0553 0.0203 0.511 0.0565 0.0207 0.521 
430501 -0.46 0.677 0.0548 0.0202 0.508 0.0564 0.0207 0.521 
430502 -0.47 0.675 0.0554 0.0203 0.511 0.0569 0.0210 0.528 
430519 -0.45 0.732 0.0565 0.0208 0.524 0.0580 0.0210 0.530 
430520 -0.46 0.723 0.0561 0.0207 0.520 0.0575 0.0211 0.531 
430521 -0.46 0.685 0.0555 0.0204 0.514 0.0569 0.0209 0.525 
430522 -0.46 0.678 0.0542 0.0194 0.489 0.0551 0.0201 0.506 
430524 -0.46 0.674 0.0550 0.0201 0.506 0.0565 0.0208 0.524 
430525 -0.46 0.630 0.0550 0.0201 0.507 0.0562 0.0206 0.519 
430557 -0.46 0.728 0.0554 0.0204 0.512 0.0567 0.0208 0.523 
430558 -0.46 0.694 0.0547 0.0199 0.502 0.0562 0.0205 0.516 
430560 -0.46 0.693 0.0547 0.0201 0.505 0.0556 0.0199 0.503 
430562 -0.46 0.687 0.0552 0.0203 0.511 0.0564 0.0207 0.522 
430563 -0.46 0.686 0.0550 0.0198 0.500 0.0560 0.0200 0.504 
430565 -0.46 0.678 0.0551 0.0201 0.505 0.0563 0.0205 0.517 
430566 -0.46 0.653 0.0548 0.0200 0.504 0.0558 0.0203 0.511 
430594 -0.46 0.683 0.0550 0.0203 0.510 0.0555 0.0200 0.505 
430595 -0.46 0.679 0.0556 0.0204 0.514 0.0565 0.0208 0.523 
430596 -0.46 0.653 0.0551 0.0201 0.507 0.0564 0.0206 0.520 
430598 -0.46 0.629 0.0556 0.0203 0.512 0.0563 0.0206 0.520 
430600 -0.47 0.630 0.0548 0.0198 0.499 0.0563 0.0208 0.523 
430607 -0.46 0.695 0.0557 0.0205 0.517 0.0563 0.0206 0.519 
430608 -0.46 0.695 0.0547 0.0195 0.493 0.0556 0.0199 0.502 
430676 -0.46 0.702 0.0555 0.0203 0.511 0.0569 0.0208 0.525 
430679 -0.46 0.695 0.0549 0.0201 0.506 0.0566 0.0208 0.523 
430680 -0.46 0.691 0.0552 0.0201 0.507 0.0565 0.0208 0.524 
430681 -0.46 0.689 0.0547 0.0198 0.500 0.0566 0.0208 0.523 
430682 -0.46 0.684 0.0553 0.0202 0.509 0.0562 0.0205 0.516 
430683 -0.46 0.655 0.0552 0.0202 0.508 0.0561 0.0204 0.515 
430692 -0.46 0.739 0.0565 0.0210 0.527 0.0572 0.0211 0.531 
430693 -0.47 0.711 0.0552 0.0204 0.513 0.0584 0.0218 0.549 
430694 -0.46 0.700 0.0561 0.0207 0.520 0.0567 0.0209 0.526 
430696 -0.46 0.698 0.0559 0.0206 0.518 0.0572 0.0210 0.528 
430697 -0.46 0.689 0.0555 0.0204 0.514 0.0567 0.0207 0.521 
430699 -0.46 0.683 0.0557 0.0206 0.517 0.0566 0.0206 0.520 
430700 -0.46 0.653 0.0556 0.0205 0.516 0.0566 0.0206 0.519 
430701 -0.46 0.631 0.0549 0.0201 0.506 0.0562 0.0205 0.515 
430702 -0.46 0.630 0.0553 0.0201 0.507 0.0562 0.0205 0.516 
430905 -0.46 0.706 0.0560 0.0211 0.530 0.0560 0.0205 0.517 
430906 -0.45 0.701 0.0562 0.0206 0.520 0.0572 0.0209 0.527 
430907 -0.46 0.699 0.0552 0.0204 0.513 0.0566 0.0212 0.533 
430909 -0.45 0.696 0.0544 0.0199 0.501 0.0565 0.0212 0.532 
430911 -0.46 0.690 0.0544 0.0202 0.508 0.0559 0.0207 0.521 
430912 -0.46 0.685 0.0544 0.0201 0.505 0.0559 0.0206 0.518 
430913 -0.47 0.679 0.0542 0.0199 0.501 0.0559 0.0206 0.518 
430914 -0.46 0.675 0.0546 0.0203 0.511 0.0557 0.0205 0.515 
430920 -0.46 0.729 0.0547 0.0200 0.505 0.0562 0.0208 0.523 
430921 -0.46 0.692 0.0548 0.0202 0.508 0.0556 0.0205 0.515 
430923 -0.46 0.686 0.0548 0.0203 0.511 0.0563 0.0208 0.523 
430924 -0.46 0.683 0.0551 0.0205 0.516 0.0562 0.0209 0.527 
430925 -0.46 0.682 0.0550 0.0202 0.509 0.0566 0.0209 0.526 
430927 -0.45 0.676 0.0548 0.0202 0.507 0.0559 0.0206 0.519 
430928 -0.46 0.678 0.0547 0.0201 0.505 0.0559 0.0207 0.521 
430929 -0.46 0.649 0.0545 0.0197 0.496 0.0565 0.0210 0.527 
430930 -0.46 0.648 0.0545 0.0201 0.505 0.0556 0.0205 0.515 
430931 -0.46 0.621 0.0545 0.0201 0.505 0.0563 0.0208 0.524 
430932 -0.46 0.627 0.0549 0.0202 0.509 0.0556 0.0201 0.508 
430933 -0.46 0.625 0.0541 0.0198 0.498 0.0554 0.0204 0.512 
430935 -0.47 0.633 0.0541 0.0200 0.504 0.0557 0.0204 0.513 
430936 -0.46 0.631 0.0545 0.0200 0.503 0.0557 0.0204 0.514 
431020 -0.46 0.727 0.0566 0.0214 0.537 0.0569 0.0211 0.531 
431021 -0.46 0.694 0.0556 0.0205 0.516 0.0569 0.0210 0.529 
431022 -0.46 0.685 0.0551 0.0205 0.514 0.0562 0.0207 0.520 
431023 -0.46 0.680 0.0547 0.0201 0.507 0.0559 0.0203 0.513 
431026 -0.46 0.732 0.0562 0.0208 0.523 0.0570 0.0211 0.530 
431027 -0.46 0.697 0.0556 0.0206 0.517 0.0567 0.0208 0.524 
431028 -0.46 0.693 0.0543 0.0196 0.494 0.0558 0.0201 0.508 
431030 -0.46 0.690 0.0552 0.0203 0.512 0.0560 0.0206 0.518 
431031 -0.46 0.685 0.0549 0.0203 0.510 0.0554 0.0203 0.512 
431033 -0.46 0.678 0.0549 0.0200 0.503 0.0553 0.0202 0.510 
431040 -0.46 0.653 0.0550 0.0203 0.511 0.0558 0.0203 0.511 
431122 -0.48 0.678 0.0572 0.0210 0.529 0.0579 0.0214 0.538 
431123 -0.48 0.673 0.0565 0.0209 0.527 0.0578 0.0213 0.535 
431125 -0.47 0.657 0.0550 0.0197 0.497 0.0559 0.0204 0.514 
431126 -0.47 0.665 0.0548 0.0201 0.506 0.0562 0.0207 0.520 
431127 -0.47 0.660 0.0548 0.0201 0.507 0.0557 0.0203 0.512 
431130 -0.47 0.617 0.0548 0.0202 0.508 0.0556 0.0203 0.510 
431134 -0.49 0.712 0.0554 0.0202 0.509 0.0578 0.0215 0.539 
431135 -0.48 0.703 0.0560 0.0207 0.520 0.0568 0.0209 0.526 
431136 -0.48 0.697 0.0556 0.0204 0.515 0.0563 0.0206 0.519 
431137 -0.47 0.665 0.0563 0.0205 0.516 0.0561 0.0203 0.513 
431138 -0.48 0.665 0.0552 0.0204 0.513 0.0563 0.0207 0.520 
431139 -0.48 0.664 0.0556 0.0205 0.515 0.0568 0.0209 0.526 
431142 -0.48 0.705 0.0566 0.0207 0.522 0.0575 0.0212 0.534 
431143 -0.47 0.672 0.0556 0.0202 0.510 0.0569 0.0207 0.521 
431144 -0.48 0.671 0.0565 0.0209 0.525 0.0572 0.0211 0.530 
431145 -0.47 0.666 0.0561 0.0206 0.519 0.0568 0.0208 0.525 
431146 -0.48 0.660 0.0546 0.0195 0.492 0.0551 0.0198 0.500 
431147 -0.48 0.662 0.0549 0.0199 0.502 0.0559 0.0203 0.512 
431148 -0.47 0.638 0.0554 0.0203 0.512 0.0557 0.0202 0.509 
431149 -0.47 0.618 0.0550 0.0200 0.505 0.0561 0.0206 0.518 
431216 -0.48 0.710 0.0563 0.0206 0.519 0.0572 0.0210 0.529 
431217 -0.48 0.677 0.0560 0.0206 0.519 0.0568 0.0209 0.525 
431219 -0.47 0.672 0.0555 0.0204 0.513 0.0566 0.0207 0.521 
431220 -0.47 0.668 0.0556 0.0204 0.513 0.0568 0.0208 0.524 
431221 -0.47 0.663 0.0557 0.0205 0.515 0.0565 0.0206 0.518 
431224 -0.48 0.641 0.0554 0.0203 0.512 0.0561 0.0204 0.513 
431233 -0.47 0.675 0.0553 0.0202 0.509 0.0565 0.0207 0.521 
431234 -0.48 0.673 0.0560 0.0206 0.518 0.0568 0.0209 0.527 
431239 -0.47 0.662 0.0555 0.0203 0.512 0.0561 0.0204 0.514 
431240 -0.47 0.638 0.0551 0.0201 0.506 0.0561 0.0203 0.513 
431256 -0.48 0.704 0.0564 0.0209 0.525 0.0577 0.0213 0.535 
431257 -0.48 0.674 0.0562 0.0206 0.520 0.0575 0.0211 0.530 
431258 -0.48 0.668 0.0562 0.0207 0.522 0.0572 0.0209 0.527 
431259 -0.48 0.670 0.0556 0.0203 0.511 0.0561 0.0203 0.511 
431260 -0.48 0.665 0.0556 0.0204 0.514 0.0570 0.0209 0.526 
431261 -0.47 0.639 0.0557 0.0205 0.516 0.0569 0.0208 0.524 
431294 -0.48 0.703 0.0564 0.0207 0.522 0.0575 0.0211 0.532 
431295 -0.47 0.672 0.0560 0.0205 0.517 0.0572 0.0209 0.527 
431298 -0.47 0.668 0.0561 0.0206 0.519 0.0568 0.0208 0.523 
431299 -0.47 0.664 0.0560 0.0204 0.515 0.0572 0.0209 0.527 
431301 -0.47 0.662 0.0555 0.0203 0.511 0.0564 0.0205 0.517 
431302 -0.47 0.664 0.0549 0.0200 0.503 0.0564 0.0208 0.523 
431357 -0.48 0.679 0.0588 0.0207 0.524 0.0593 0.0213 0.537 
431358 -0.47 0.674 0.0580 0.0202 0.511 0.0591 0.0212 0.534 
431360 -0.47 0.671 0.0578 0.0202 0.510 0.0586 0.0210 0.530 
431361 -0.47 0.664 0.0581 0.0205 0.518 0.0589 0.0210 0.531 
431362 -0.46 0.662 0.0574 0.0197 0.500 0.0584 0.0206 0.521 
431428 -0.48 0.708 0.0582 0.0205 0.519 0.0592 0.0211 0.534 
431429 -0.47 0.679 0.0575 0.0201 0.508 0.0587 0.0210 0.531 
431430 -0.47 0.671 0.0577 0.0201 0.509 0.0588 0.0210 0.531 
431432 -0.47 0.664 0.0576 0.0201 0.508 0.0584 0.0207 0.524 
431437 -0.48 0.708 0.0593 0.0212 0.534 0.0590 0.0205 0.519 
431447 -0.48 0.671 0.0583 0.0204 0.516 0.0595 0.0213 0.537 
431448 -0.48 0.669 0.0577 0.0201 0.508 0.0592 0.0213 0.537 
431453 -0.48 0.665 0.0578 0.0201 0.510 0.0590 0.0211 0.533 
431454 -0.47 0.668 0.0572 0.0197 0.501 0.0581 0.0207 0.523 
431458 -0.47 0.624 0.0571 0.0199 0.503 0.0580 0.0206 0.521 
431608 -0.49 0.705 0.0588 0.0205 0.518 0.0607 0.0222 0.558 
431609 -0.48 0.671 0.0586 0.0205 0.518 0.0596 0.0212 0.536 
431612 -0.48 0.710 0.0585 0.0204 0.517 0.0594 0.0212 0.536 
431615 -0.48 0.705 0.0573 0.0199 0.505 0.0586 0.0209 0.529 
431616 -0.48 0.677 0.0574 0.0201 0.509 0.0582 0.0208 0.525 
431618 -0.48 0.667 0.0574 0.0200 0.506 0.0585 0.0209 0.527 
431619 -0.47 0.658 0.0579 0.0202 0.511 0.0583 0.0209 0.527 
431620 -0.47 0.658 0.0580 0.0201 0.509 0.0587 0.0210 0.529 
431622 -0.47 0.616 0.0577 0.0201 0.509 0.0584 0.0209 0.527 
431717 -0.47 0.701 0.0584 0.0205 0.519 0.0595 0.0213 0.538 
431720 -0.47 0.674 0.0584 0.0202 0.512 0.0592 0.0212 0.534 
431725 -0.47 0.668 0.0575 0.0200 0.507 0.0580 0.0206 0.521 
431727 -0.47 0.625 0.0567 0.0196 0.497 0.0574 0.0202 0.511 
431731 -0.47 0.712 0.0580 0.0202 0.511 0.0590 0.0210 0.531 
431732 -0.47 0.679 0.0575 0.0200 0.506 0.0586 0.0210 0.531 
431733 -0.47 0.674 0.0575 0.0200 0.506 0.0580 0.0205 0.518 
431736 -0.47 0.668 0.0575 0.0198 0.502 0.0577 0.0204 0.515 
431738 -0.47 0.666 0.0571 0.0199 0.504 0.0580 0.0206 0.521 
431739 -0.47 0.661 0.0573 0.0199 0.504 0.0578 0.0204 0.515 
431744 -0.47 0.667 0.0581 0.0203 0.514 0.0587 0.0208 0.527 
431745 -0.47 0.662 0.0577 0.0200 0.508 0.0585 0.0207 0.522 
431746 -0.47 0.657 0.0574 0.0200 0.506 0.0587 0.0209 0.529 
431831 -0.47 0.694 0.0569 0.0198 0.501 0.0588 0.0210 0.531 
431832 -0.46 0.666 0.0563 0.0195 0.494 0.0577 0.0204 0.516 
431833 -0.46 0.662 0.0564 0.0197 0.498 0.0580 0.0207 0.523 
431834 -0.47 0.659 0.0565 0.0196 0.496 0.0575 0.0205 0.517 
431835 -0.47 0.654 0.0569 0.0198 0.502 0.0580 0.0207 0.522 
431836 -0.46 0.618 0.0562 0.0193 0.490 0.0576 0.0204 0.516 
431837 -0.47 0.622 0.0565 0.0196 0.497 0.0574 0.0204 0.515 
431839 -0.47 0.609 0.0570 0.0199 0.503 0.0570 0.0202 0.510 
431840 -0.46 0.612 0.0563 0.0195 0.493 0.0571 0.0200 0.506 
431844 -0.48 0.703 0.0565 0.0191 0.485 0.0586 0.0208 0.527 
431845 -0.48 0.677 0.0572 0.0197 0.500 0.0581 0.0209 0.528 
431846 -0.47 0.669 0.0572 0.0198 0.501 0.0584 0.0208 0.525 
431854 -0.46 0.658 0.0579 0.0201 0.510 0.0583 0.0208 0.525 
431859 -0.47 0.611 0.0578 0.0202 0.511 0.0586 0.0209 0.527 
431860 -0.47 0.614 0.0576 0.0201 0.508 0.0596 0.0215 0.542 
431886 -0.47 0.697 0.0595 0.0209 0.529 0.0601 0.0216 0.546 
431888 -0.47 0.665 0.0583 0.0205 0.518 0.0590 0.0212 0.534 
431889 -0.46 0.659 0.0574 0.0199 0.505 0.0586 0.0211 0.532 
431891 -0.47 0.660 0.0573 0.0198 0.502 0.0582 0.0208 0.526 
431892 -0.46 0.618 0.0571 0.0199 0.504 0.0576 0.0206 0.519 
431893 -0.47 0.620 0.0568 0.0196 0.497 0.0579 0.0208 0.525 
431894 -0.47 0.626 0.0567 0.0195 0.495 0.0577 0.0205 0.517 
431932 -0.47 0.673 0.0579 0.0203 0.513 0.0593 0.0213 0.537 
431937 -0.47 0.668 0.0576 0.0201 0.509 0.0584 0.0209 0.528 
431938 -0.50 0.675 0.0578 0.0200 0.507 0.0586 0.0210 0.531 
431939 -0.74 0.670 0.0600 0.0203 0.516 0.0609 0.0218 0.550 
431940 -0.47 0.616 0.0580 0.0200 0.506 0.0588 0.0207 0.524 
431941 -0.47 0.614 0.0582 0.0203 0.514 0.0588 0.0209 0.529 
431942 -0.47 0.613 0.0577 0.0200 0.506 0.0590 0.0208 0.527 
431943 -0.48 0.620 0.0581 0.0202 0.513 0.0588 0.0210 0.530 
431948 -0.47 0.699 0.0592 0.0206 0.522 0.0599 0.0212 0.537 
431951 -0.47 0.673 0.0592 0.0205 0.519 0.0593 0.0210 0.531 
431960 -0.47 0.660 0.0585 0.0201 0.509 0.0595 0.0212 0.536 
431963 -0.47 0.658 0.0585 0.0204 0.517 0.0592 0.0211 0.533 
431997 -0.47 0.674 0.0589 0.0206 0.522 0.0600 0.0215 0.543 
432001 -0.47 0.671 0.0592 0.0207 0.524 0.0599 0.0214 0.541 
432007 -0.47 0.660 0.0589 0.0206 0.521 0.0594 0.0211 0.534 
432008 -0.47 0.618 0.0588 0.0206 0.520 0.0594 0.0211 0.533 
