421815 -0.44 0.714 0.0439 0.0232 0.564 0.0445 0.0223 0.545 
421816 -0.45 0.794 0.0440 0.0229 0.558 0.0451 0.0225 0.550 
421949 -0.42 0.688 0.0431 0.0226 0.550 0.0444 0.0221 0.540 
421961 -0.41 0.652 0.0432 0.0226 0.550 0.0443 0.0220 0.538 
421968 -0.41 0.657 0.0431 0.0226 0.550 0.0444 0.0220 0.538 
421969 -0.40 0.604 0.0430 0.0227 0.553 0.0442 0.0220 0.537 
421975 -0.42 0.662 0.0434 0.0228 0.556 0.0445 0.0222 0.544 
421976 -0.42 0.718 0.0435 0.0228 0.556 0.0446 0.0223 0.545 
421988 -0.39 0.595 0.0438 0.0228 0.556 0.0447 0.0221 0.541 
421989 -0.42 0.748 0.0435 0.0228 0.555 0.0447 0.0221 0.541 
421999 -0.41 0.789 0.0436 0.0228 0.556 0.0448 0.0221 0.541 
422014 -0.41 0.707 0.0435 0.0228 0.554 0.0449 0.0222 0.542 
422018 -0.41 0.809 0.0436 0.0227 0.554 0.0448 0.0221 0.541 
422020 -0.39 0.570 0.0436 0.0228 0.555 0.0448 0.0222 0.544 
422040 -0.41 0.643 0.0435 0.0229 0.558 0.0446 0.0223 0.546 
422041 -0.41 0.645 0.0429 0.0227 0.552 0.0447 0.0225 0.550 
422043 -0.41 0.641 0.0433 0.0228 0.555 0.0448 0.0226 0.552 
422045 -0.41 0.642 0.0433 0.0230 0.559 0.0448 0.0224 0.547 
422050 -0.41 0.638 0.0432 0.0229 0.558 0.0447 0.0222 0.542 
422051 -0.41 0.643 0.0433 0.0228 0.555 0.0447 0.0223 0.546 
422053 -0.39 0.598 0.0434 0.0231 0.562 0.0451 0.0223 0.547 
422054 -0.41 0.751 0.0436 0.0228 0.556 0.0449 0.0223 0.545 
422055 -0.41 0.686 0.0436 0.0228 0.557 0.0449 0.0222 0.544 
422057 -0.41 0.714 0.0436 0.0229 0.557 0.0449 0.0222 0.543 
422064 -0.41 0.710 0.0434 0.0226 0.550 0.0449 0.0223 0.545 
422066 -0.39 0.595 0.0434 0.0227 0.553 0.0448 0.0221 0.540 
422067 -0.41 0.737 0.0434 0.0226 0.550 0.0449 0.0222 0.543 
422068 -0.40 0.628 0.0436 0.0227 0.553 0.0449 0.0221 0.542 
422070 -0.41 0.770 0.0435 0.0227 0.553 0.0446 0.0220 0.538 
422074 -0.39 0.564 0.0435 0.0225 0.548 0.0446 0.0218 0.534 
422075 -0.41 0.703 0.0434 0.0224 0.547 0.0446 0.0219 0.535 
422084 -0.39 0.564 0.0433 0.0227 0.552 0.0446 0.0219 0.536 
422085 -0.41 0.768 0.0435 0.0226 0.551 0.0446 0.0219 0.536 
422123 -0.40 0.606 0.0437 0.0229 0.558 0.0455 0.0225 0.550 
422124 -0.42 0.703 0.0435 0.0226 0.551 0.0448 0.0222 0.544 
422135 -0.41 0.794 0.0435 0.0226 0.550 0.0448 0.0220 0.540 
422141 -0.41 0.771 0.0435 0.0227 0.552 0.0448 0.0221 0.541 
422147 -0.41 0.760 0.0435 0.0227 0.553 0.0448 0.0221 0.540 
422148 -0.41 0.693 0.0432 0.0225 0.549 0.0449 0.0221 0.541 
422200 -0.39 0.608 0.0436 0.0228 0.556 0.0452 0.0224 0.548 
422201 -0.42 0.712 0.0437 0.0229 0.557 0.0451 0.0224 0.549 
422202 -0.41 0.744 0.0438 0.0229 0.557 0.0453 0.0223 0.546 
422203 -0.41 0.820 0.0439 0.0230 0.560 0.0453 0.0224 0.547 
422205 -0.40 0.745 0.0437 0.0226 0.552 0.0450 0.0220 0.539 
422255 -0.41 0.775 0.0439 0.0230 0.561 0.0454 0.0225 0.550 
422256 -0.41 0.820 0.0439 0.0230 0.561 0.0454 0.0224 0.549 
422260 -0.40 0.853 0.0441 0.0232 0.565 0.0456 0.0225 0.551 
422262 -0.41 0.829 0.0441 0.0232 0.564 0.0456 0.0225 0.551 
422263 -0.40 0.709 0.0440 0.0232 0.564 0.0455 0.0225 0.551 
422266 -0.41 0.780 0.0443 0.0233 0.566 0.0458 0.0226 0.554 
422267 -0.40 0.685 0.0443 0.0233 0.567 0.0458 0.0227 0.556 
422268 -0.41 0.837 0.0443 0.0233 0.566 0.0457 0.0226 0.553 
422269 -0.40 0.870 0.0443 0.0233 0.567 0.0457 0.0225 0.551 
422272 -0.40 0.857 0.0443 0.0233 0.566 0.0458 0.0226 0.553 
422273 -0.40 0.773 0.0444 0.0232 0.566 0.0458 0.0226 0.552 
422298 -0.41 0.806 0.0441 0.0230 0.561 0.0458 0.0225 0.551 
422305 -0.41 0.841 0.0443 0.0232 0.565 0.0459 0.0226 0.554 
422314 -0.41 0.840 0.0443 0.0232 0.564 0.0458 0.0225 0.551 
422319 -0.38 0.574 0.0443 0.0231 0.563 0.0458 0.0225 0.550 
422322 -0.41 0.819 0.0442 0.0231 0.564 0.0458 0.0225 0.550 
422323 -0.41 0.803 0.0442 0.0230 0.561 0.0457 0.0224 0.549 
422324 -0.40 0.782 0.0440 0.0229 0.558 0.0456 0.0223 0.546 
422531 -0.38 0.593 0.0437 0.0229 0.557 0.0458 0.0223 0.546 
422540 -0.39 0.617 0.0438 0.0227 0.554 0.0457 0.0225 0.550 
422543 -0.41 0.735 0.0439 0.0229 0.557 0.0455 0.0224 0.548 
422553 -0.40 0.788 0.0439 0.0229 0.559 0.0456 0.0224 0.549 
422562 -0.38 0.572 0.0440 0.0230 0.561 0.0457 0.0224 0.548 
422566 -0.40 0.818 0.0440 0.0229 0.559 0.0457 0.0224 0.550 
422575 -0.40 0.625 0.0441 0.0231 0.562 0.0457 0.0224 0.549 
422611 -0.39 0.679 0.0449 0.0233 0.567 0.0461 0.0228 0.557 
422613 -0.40 0.850 0.0443 0.0230 0.562 0.0459 0.0225 0.551 
422614 -0.40 0.717 0.0442 0.0230 0.560 0.0458 0.0225 0.550 
422615 -0.40 0.636 0.0444 0.0234 0.569 0.0460 0.0227 0.556 
422618 -0.41 0.813 0.0444 0.0232 0.564 0.0460 0.0226 0.554 
422633 -0.41 0.728 0.0424 0.0227 0.551 0.0423 0.0220 0.535 
422640 -0.39 0.576 0.0423 0.0227 0.551 0.0424 0.0219 0.534 
422643 -0.41 0.754 0.0423 0.0227 0.552 0.0424 0.0220 0.535 
422756 -0.41 0.798 0.0424 0.0226 0.550 0.0424 0.0220 0.536 
422758 -0.41 0.793 0.0423 0.0226 0.549 0.0424 0.0220 0.536 
422762 -0.41 0.803 0.0423 0.0226 0.549 0.0423 0.0219 0.535 
422763 -0.39 0.583 0.0424 0.0228 0.554 0.0423 0.0220 0.536 
422779 -0.41 0.766 0.0424 0.0226 0.551 0.0425 0.0221 0.538 
422782 -0.41 0.796 0.0424 0.0226 0.550 0.0425 0.0220 0.536 
422785 -0.41 0.824 0.0424 0.0226 0.550 0.0424 0.0219 0.535 
423041 -0.39 0.604 0.0424 0.0226 0.549 0.0427 0.0221 0.539 
423043 -0.41 0.728 0.0422 0.0224 0.546 0.0424 0.0219 0.535 
423101 -0.40 0.711 0.0422 0.0224 0.545 0.0429 0.0222 0.541 
423109 -0.38 0.601 0.0422 0.0222 0.542 0.0429 0.0222 0.542 
423110 -0.41 0.780 0.0422 0.0224 0.546 0.0427 0.0221 0.538 
423132 -0.38 0.599 0.0422 0.0225 0.547 0.0428 0.0222 0.541 
423149 -0.41 0.699 0.0422 0.0224 0.545 0.0425 0.0219 0.534 
423220 -0.41 0.778 0.0424 0.0225 0.548 0.0428 0.0221 0.539 
423263 -0.41 0.778 0.0424 0.0225 0.548 0.0428 0.0221 0.538 
423268 -0.41 0.782 0.0424 0.0224 0.546 0.0426 0.0220 0.536 
423275 -0.39 0.602 0.0424 0.0227 0.551 0.0427 0.0219 0.535 
423278 -0.42 0.766 0.0423 0.0226 0.550 0.0426 0.0219 0.535 
423290 -0.41 0.789 0.0424 0.0226 0.549 0.0426 0.0219 0.534 
423301 -0.37 0.743 0.0424 0.0226 0.549 0.0422 0.0218 0.532 
423311 -0.37 0.599 0.0425 0.0225 0.547 0.0423 0.0218 0.532 
423377 -0.41 0.782 0.0423 0.0225 0.547 0.0427 0.0220 0.536 
423424 -0.42 0.801 0.0424 0.0225 0.548 0.0427 0.0219 0.535 
423432 -0.40 0.655 0.0424 0.0226 0.549 0.0426 0.0219 0.534 
423433 -0.42 0.796 0.0424 0.0225 0.548 0.0426 0.0219 0.535 
423546 -0.38 0.602 0.0427 0.0226 0.549 0.0433 0.0223 0.543 
423547 -0.41 0.799 0.0424 0.0226 0.549 0.0429 0.0221 0.538 
423548 -0.42 0.818 0.0424 0.0226 0.549 0.0427 0.0221 0.539 
423549 -0.38 0.590 0.0425 0.0225 0.548 0.0427 0.0219 0.534 
423550 -0.41 0.720 0.0423 0.0226 0.550 0.0428 0.0220 0.537 
423553 -0.42 0.816 0.0425 0.0227 0.551 0.0427 0.0220 0.538 
423576 -0.38 0.586 0.0425 0.0228 0.554 0.0427 0.0220 0.538 
423579 -0.42 0.847 0.0424 0.0226 0.551 0.0427 0.0220 0.538 
423632 -0.42 0.810 0.0426 0.0228 0.554 0.0429 0.0221 0.539 
423652 -0.41 0.801 0.0426 0.0228 0.554 0.0429 0.0222 0.541 
423663 -0.42 0.852 0.0426 0.0227 0.553 0.0429 0.0220 0.538 
423664 -0.41 0.910 0.0426 0.0227 0.552 0.0428 0.0220 0.538 
423676 -0.38 0.606 0.0428 0.0228 0.554 0.0432 0.0223 0.545 
423677 -0.41 0.823 0.0426 0.0227 0.551 0.0431 0.0222 0.541 
423679 -0.42 0.811 0.0427 0.0228 0.555 0.0431 0.0222 0.542 
423685 -0.42 0.817 0.0427 0.0228 0.555 0.0430 0.0221 0.540 
423696 -0.42 0.849 0.0429 0.0230 0.559 0.0430 0.0222 0.542 
423703 -0.42 0.804 0.0427 0.0228 0.556 0.0430 0.0222 0.540 
423820 -0.38 0.610 0.0443 0.0232 0.566 0.0433 0.0223 0.544 
423826 -0.42 0.811 0.0430 0.0229 0.556 0.0430 0.0222 0.541 
423828 -0.42 0.829 0.0429 0.0229 0.557 0.0430 0.0222 0.540 
423839 -0.42 0.843 0.0428 0.0228 0.554 0.0430 0.0221 0.540 
423843 -0.42 0.841 0.0427 0.0228 0.554 0.0429 0.0221 0.539 
423844 -0.40 0.648 0.0427 0.0227 0.553 0.0428 0.0221 0.539 
423845 -0.41 0.727 0.0426 0.0228 0.555 0.0429 0.0221 0.538 
423856 -0.42 0.793 0.0427 0.0227 0.551 0.0431 0.0222 0.540 
423860 -0.42 0.812 0.0427 0.0227 0.553 0.0430 0.0222 0.540 
423865 -0.42 0.840 0.0428 0.0227 0.553 0.0430 0.0222 0.541 
423867 -0.42 0.886 0.0427 0.0228 0.554 0.0429 0.0221 0.540 
423868 -0.40 0.860 0.0434 0.0229 0.557 0.0430 0.0223 0.544 
424038 -0.40 0.728 0.0437 0.0229 0.558 0.0434 0.0225 0.549 
424039 -0.39 0.609 0.0435 0.0229 0.557 0.0433 0.0225 0.548 
424040 -0.40 0.771 0.0436 0.0230 0.560 0.0433 0.0225 0.547 
424051 -0.40 0.814 0.0436 0.0230 0.560 0.0432 0.0224 0.545 
424052 -0.40 0.720 0.0435 0.0229 0.558 0.0431 0.0224 0.545 
424053 -0.39 0.637 0.0435 0.0228 0.556 0.0432 0.0223 0.545 
424055 -0.40 0.822 0.0435 0.0229 0.558 0.0431 0.0223 0.544 
424060 -0.40 0.732 0.0436 0.0229 0.558 0.0434 0.0225 0.548 
424061 -0.40 0.815 0.0435 0.0229 0.559 0.0433 0.0225 0.548 
424062 -0.40 0.801 0.0436 0.0230 0.560 0.0432 0.0224 0.546 
424063 -0.40 0.706 0.0435 0.0229 0.558 0.0431 0.0223 0.543 
424189 -0.48 0.761 0.0608 0.0459 1.000 0.0554 0.0378 0.904 
424190 -0.48 0.851 0.0601 0.0452 1.000 0.0551 0.0377 0.903 
424193 -0.48 0.860 0.0598 0.0447 1.000 0.0547 0.0374 0.894 
424194 -0.48 0.870 0.0594 0.0451 1.000 0.0543 0.0371 0.888 
424195 -0.48 0.829 0.0590 0.0447 1.000 0.0543 0.0370 0.886 
424227 -0.48 0.672 0.0593 0.0449 1.000 0.0552 0.0380 0.908 
424255 -0.48 0.724 0.0609 0.0455 1.000 0.0558 0.0379 0.908 
424257 -0.49 0.602 0.0610 0.0448 1.000 0.0555 0.0373 0.894 
424270 -0.48 0.875 0.0605 0.0450 1.000 0.0553 0.0375 0.897 
424272 -0.48 0.848 0.0600 0.0450 1.000 0.0549 0.0373 0.892 
424273 -0.48 0.693 0.0601 0.0451 1.000 0.0547 0.0370 0.885 
424275 -0.48 0.660 0.0598 0.0443 1.000 0.0545 0.0370 0.886 
424276 -0.49 0.595 0.0592 0.0440 1.000 0.0544 0.0379 0.905 
424348 -0.48 0.870 0.0435 0.0234 0.569 0.0445 0.0233 0.568 
424353 -0.48 0.859 0.0434 0.0233 0.567 0.0444 0.0234 0.569 
424356 -0.48 0.859 0.0433 0.0233 0.567 0.0444 0.0233 0.568 
424358 -0.48 0.879 0.0433 0.0234 0.568 0.0444 0.0234 0.569 
424365 -0.48 0.643 0.0435 0.0235 0.570 0.0447 0.0235 0.571 
424368 -0.48 0.701 0.0435 0.0233 0.567 0.0447 0.0234 0.569 
424371 -0.48 0.761 0.0435 0.0233 0.566 0.0446 0.0234 0.569 
424372 -0.48 0.738 0.0435 0.0234 0.569 0.0445 0.0234 0.570 
424439 -0.48 0.602 0.0438 0.0233 0.568 0.0447 0.0233 0.568 
424440 -0.48 0.887 0.0436 0.0233 0.566 0.0446 0.0233 0.567 
424441 -0.48 0.861 0.0436 0.0233 0.567 0.0446 0.0233 0.567 
424443 -0.48 0.594 0.0437 0.0235 0.571 0.0444 0.0233 0.567 
424444 -0.48 0.617 0.0436 0.0233 0.567 0.0445 0.0232 0.564 
424445 -0.48 0.829 0.0435 0.0233 0.567 0.0444 0.0232 0.564 
424452 -0.48 0.792 0.0435 0.0234 0.568 0.0444 0.0232 0.565 
424557 -0.48 0.842 0.0434 0.0232 0.564 0.0445 0.0233 0.567 
424584 -0.48 0.817 0.0433 0.0233 0.566 0.0443 0.0233 0.567 
424585 -0.48 0.724 0.0433 0.0233 0.567 0.0443 0.0233 0.567 
424626 -0.48 0.847 0.0436 0.0233 0.567 0.0445 0.0233 0.568 
424627 -0.48 0.595 0.0436 0.0233 0.566 0.0445 0.0233 0.568 
424629 -0.48 0.862 0.0436 0.0234 0.569 0.0446 0.0234 0.569 
424644 -0.48 0.855 0.0436 0.0235 0.570 0.0445 0.0233 0.568 
424671 -0.47 0.762 0.0438 0.0236 0.574 0.0446 0.0234 0.570 
424751 -0.48 0.876 0.0437 0.0236 0.573 0.0448 0.0235 0.573 
424754 -0.48 0.775 0.0436 0.0236 0.574 0.0446 0.0235 0.572 
424755 -0.48 0.842 0.0436 0.0236 0.573 0.0447 0.0235 0.572 
424756 -0.48 0.663 0.0436 0.0236 0.574 0.0446 0.0235 0.573 
424759 -0.48 0.602 0.0438 0.0236 0.574 0.0451 0.0238 0.580 
424760 -0.48 0.881 0.0437 0.0236 0.573 0.0449 0.0236 0.576 
424761 -0.47 0.896 0.0437 0.0237 0.575 0.0449 0.0236 0.576 
424763 -0.48 0.868 0.0437 0.0236 0.574 0.0448 0.0236 0.574 
424817 -0.47 0.864 0.0438 0.0237 0.576 0.0452 0.0239 0.583 
424827 -0.48 0.751 0.0435 0.0236 0.573 0.0449 0.0236 0.576 
424836 -0.48 0.840 0.0436 0.0236 0.574 0.0447 0.0235 0.573 
424877 -0.48 0.873 0.0438 0.0235 0.572 0.0449 0.0236 0.574 
424880 -0.48 0.856 0.0440 0.0237 0.575 0.0448 0.0235 0.573 
424881 -0.48 0.874 0.0438 0.0236 0.574 0.0448 0.0235 0.573 
424885 -0.48 0.830 0.0437 0.0235 0.572 0.0446 0.0235 0.571 
424886 -0.48 0.585 0.0437 0.0234 0.570 0.0447 0.0236 0.574 
425006 -0.48 0.626 0.0442 0.0240 0.583 0.0455 0.0239 0.583 
425008 -0.48 0.868 0.0442 0.0240 0.584 0.0453 0.0239 0.582 
425011 -0.48 0.849 0.0441 0.0240 0.583 0.0452 0.0240 0.583 
425016 -0.48 0.851 0.0441 0.0241 0.585 0.0452 0.0240 0.583 
425078 -0.48 0.682 0.0447 0.0247 0.600 0.0458 0.0245 0.597 
425079 -0.48 0.871 0.0445 0.0246 0.596 0.0456 0.0244 0.593 
425080 -0.48 0.784 0.0443 0.0246 0.597 0.0456 0.0245 0.596 
425152 -0.47 0.880 0.0454 0.0242 0.589 0.0451 0.0235 0.574 
425168 -0.49 0.592 0.0451 0.0239 0.582 0.0447 0.0233 0.567 
425171 -0.47 0.870 0.0454 0.0241 0.587 0.0448 0.0233 0.568 
425172 -0.48 0.586 0.0453 0.0240 0.584 0.0447 0.0231 0.563 
425173 -0.48 0.663 0.0454 0.0242 0.588 0.0447 0.0233 0.568 
425212 -0.48 0.600 0.0460 0.0245 0.596 0.0455 0.0238 0.580 
425213 -0.47 0.897 0.0459 0.0241 0.587 0.0450 0.0232 0.565 
425214 -0.47 0.838 0.0458 0.0239 0.583 0.0447 0.0229 0.560 
425215 -0.48 0.741 0.0457 0.0239 0.582 0.0447 0.0229 0.559 
425286 -0.47 0.904 0.0461 0.0241 0.588 0.0453 0.0234 0.570 
425287 -0.48 0.892 0.0459 0.0239 0.583 0.0450 0.0230 0.562 
425288 -0.48 0.784 0.0458 0.0239 0.583 0.0448 0.0230 0.562 
425289 -0.47 0.825 0.0456 0.0238 0.580 0.0448 0.0229 0.558 
425290 -0.48 0.596 0.0455 0.0236 0.574 0.0448 0.0228 0.557 
425292 -0.48 0.873 0.0455 0.0238 0.580 0.0445 0.0227 0.555 
425293 -0.48 0.662 0.0456 0.0238 0.580 0.0446 0.0227 0.554 
425294 -0.48 0.639 0.0454 0.0239 0.582 0.0445 0.0228 0.557 
425295 -0.47 0.885 0.0455 0.0238 0.579 0.0445 0.0227 0.555 
425296 -0.48 0.852 0.0453 0.0237 0.578 0.0444 0.0227 0.554 
425377 -0.48 0.650 0.0464 0.0243 0.593 0.0456 0.0234 0.570 
425378 -0.48 0.917 0.0463 0.0243 0.592 0.0453 0.0233 0.568 
425395 -0.48 0.651 0.0466 0.0243 0.592 0.0457 0.0236 0.574 
425397 -0.48 0.908 0.0464 0.0243 0.592 0.0454 0.0233 0.568 
425403 -0.48 0.836 0.0463 0.0242 0.590 0.0452 0.0232 0.565 
425409 -0.48 0.873 0.0460 0.0240 0.585 0.0449 0.0230 0.561 
425412 -0.48 0.810 0.0459 0.0239 0.583 0.0449 0.0229 0.559 
425413 -0.48 0.873 0.0458 0.0240 0.584 0.0448 0.0230 0.561 
425420 -0.48 0.604 0.0465 0.0244 0.594 0.0456 0.0234 0.571 
425422 -0.48 0.861 0.0465 0.0243 0.592 0.0455 0.0233 0.569 
425423 -0.48 0.830 0.0463 0.0243 0.591 0.0452 0.0232 0.565 
425424 -0.48 0.874 0.0460 0.0241 0.587 0.0450 0.0230 0.562 
425425 -0.48 0.789 0.0458 0.0240 0.584 0.0449 0.0230 0.561 
425428 -0.48 0.833 0.0467 0.0245 0.597 0.0456 0.0234 0.571 
425429 -0.48 0.917 0.0466 0.0245 0.596 0.0454 0.0233 0.569 
425431 -0.47 0.895 0.0462 0.0243 0.591 0.0451 0.0232 0.565 
425433 -0.48 0.712 0.0462 0.0243 0.591 0.0452 0.0231 0.565 
425434 -0.48 0.665 0.0458 0.0239 0.581 0.0448 0.0228 0.557 
425439 -0.47 0.905 0.0458 0.0238 0.581 0.0449 0.0228 0.556 
425553 -0.48 0.669 0.0466 0.0245 0.598 0.0461 0.0239 0.583 
425564 -0.48 0.600 0.0464 0.0245 0.596 0.0456 0.0234 0.571 
425566 -0.48 0.662 0.0463 0.0242 0.589 0.0454 0.0233 0.568 
425583 -0.48 0.596 0.0462 0.0239 0.583 0.0449 0.0227 0.555 
425688 -0.48 0.605 0.0463 0.0244 0.595 0.0456 0.0236 0.575 
425691 -0.48 0.671 0.0462 0.0246 0.598 0.0457 0.0239 0.583 
425692 -0.47 0.906 0.0462 0.0246 0.599 0.0457 0.0238 0.581 
425693 -0.48 0.726 0.0461 0.0247 0.600 0.0456 0.0238 0.580 
425694 -0.48 0.705 0.0461 0.0248 0.602 0.0455 0.0238 0.579 
426112 -0.48 0.665 0.0458 0.0241 0.587 0.0453 0.0235 0.573 
426113 -0.48 0.664 0.0457 0.0240 0.584 0.0447 0.0235 0.572 
426114 -0.48 0.661 0.0460 0.0243 0.592 0.0449 0.0232 0.567 
426115 -0.48 0.715 0.0438 0.0227 0.553 0.0437 0.0236 0.573 
426116 -0.48 0.722 0.0438 0.0226 0.551 0.0437 0.0234 0.570 
426117 -0.48 0.607 0.0438 0.0225 0.549 0.0436 0.0234 0.569 
426252 -0.48 0.672 0.0445 0.0232 0.565 0.0444 0.0238 0.579 
426273 -0.48 0.651 0.0441 0.0227 0.555 0.0439 0.0235 0.571 
426281 -0.47 0.820 0.0441 0.0227 0.554 0.0440 0.0235 0.571 
426282 -0.49 0.605 0.0439 0.0226 0.551 0.0438 0.0232 0.566 
426283 -0.48 0.713 0.0440 0.0227 0.553 0.0440 0.0234 0.568 
426307 -0.48 0.747 0.0444 0.0229 0.558 0.0446 0.0237 0.577 
426308 -0.47 0.601 0.0443 0.0228 0.556 0.0436 0.0234 0.568 
426313 -0.45 0.664 0.0444 0.0227 0.555 0.0412 0.0228 0.554 
426315 -0.47 0.783 0.0440 0.0227 0.553 0.0441 0.0235 0.572 
426316 -0.48 0.674 0.0440 0.0226 0.552 0.0440 0.0233 0.568 
426319 -0.48 0.689 0.0440 0.0227 0.553 0.0439 0.0233 0.567 
426320 -0.48 0.650 0.0438 0.0226 0.552 0.0439 0.0233 0.568 
426353 -0.49 0.610 0.0443 0.0229 0.559 0.0446 0.0239 0.580 
426365 -0.47 0.731 0.0441 0.0227 0.553 0.0441 0.0234 0.569 
426366 -0.47 0.861 0.0439 0.0226 0.552 0.0440 0.0233 0.568 
426378 -0.47 0.848 0.0439 0.0226 0.552 0.0439 0.0233 0.568 
426383 -0.49 0.655 0.0441 0.0228 0.556 0.0436 0.0233 0.566 
426391 -0.48 0.895 0.0441 0.0229 0.558 0.0436 0.0233 0.566 
426394 -0.48 0.733 0.0441 0.0229 0.558 0.0435 0.0232 0.564 
426397 -0.48 0.897 0.0452 0.0234 0.571 0.0449 0.0241 0.586 
426401 -0.48 0.900 0.0448 0.0232 0.566 0.0445 0.0238 0.578 
426406 -0.48 0.902 0.0446 0.0231 0.563 0.0443 0.0236 0.575 
426407 -0.48 0.845 0.0445 0.0230 0.562 0.0441 0.0236 0.574 
426408 -0.48 0.789 0.0444 0.0231 0.563 0.0440 0.0236 0.575 
426409 -0.49 0.631 0.0442 0.0230 0.560 0.0440 0.0235 0.571 
426442 -0.48 0.840 0.0455 0.0238 0.579 0.0454 0.0244 0.594 
426443 -0.49 0.615 0.0455 0.0238 0.581 0.0452 0.0246 0.596 
426444 -0.48 0.857 0.0454 0.0239 0.581 0.0451 0.0245 0.596 
426445 -0.48 0.895 0.0451 0.0238 0.580 0.0447 0.0242 0.589 
426450 -0.48 0.905 0.0449 0.0236 0.576 0.0446 0.0242 0.587 
426460 -0.48 0.888 0.0448 0.0235 0.572 0.0445 0.0241 0.585 
426461 -0.49 0.627 0.0447 0.0237 0.576 0.0447 0.0242 0.587 
427013 -0.48 0.753 0.0424 0.0226 0.549 0.0430 0.0219 0.536 
427019 -0.48 0.630 0.0424 0.0223 0.542 0.0427 0.0216 0.527 
427020 -0.48 0.800 0.0421 0.0221 0.538 0.0424 0.0215 0.524 
427021 -0.48 0.674 0.0421 0.0220 0.537 0.0423 0.0214 0.522 
427024 -0.48 0.673 0.0420 0.0220 0.536 0.0422 0.0214 0.522 
427025 -0.48 0.727 0.0420 0.0220 0.537 0.0423 0.0213 0.521 
427026 -0.48 0.782 0.0419 0.0220 0.535 0.0422 0.0213 0.521 
427027 -0.48 0.654 0.0420 0.0220 0.536 0.0421 0.0212 0.517 
427111 -0.48 0.673 0.0432 0.0230 0.560 0.0434 0.0222 0.542 
427129 -0.48 0.639 0.0434 0.0226 0.551 0.0434 0.0218 0.533 
427135 -0.48 0.620 0.0429 0.0226 0.550 0.0431 0.0218 0.532 
427136 -0.48 0.620 0.0432 0.0226 0.551 0.0433 0.0216 0.528 
427137 -0.48 0.695 0.0430 0.0226 0.550 0.0431 0.0217 0.530 
427141 -0.48 0.696 0.0429 0.0225 0.547 0.0429 0.0216 0.529 
427144 -0.48 0.676 0.0436 0.0232 0.565 0.0437 0.0223 0.544 
427145 -0.48 0.675 0.0434 0.0230 0.561 0.0435 0.0221 0.539 
427146 -0.48 0.668 0.0435 0.0229 0.558 0.0434 0.0219 0.535 
427147 -0.48 0.699 0.0434 0.0228 0.556 0.0435 0.0218 0.534 
427148 -0.48 0.741 0.0433 0.0227 0.553 0.0434 0.0219 0.535 
427149 -0.48 0.697 0.0432 0.0227 0.552 0.0433 0.0217 0.531 
427233 -0.48 0.681 0.0443 0.0233 0.567 0.0449 0.0227 0.554 
427239 -0.48 0.674 0.0439 0.0232 0.565 0.0441 0.0225 0.549 
427241 -0.48 0.718 0.0440 0.0231 0.564 0.0440 0.0223 0.544 
427243 -0.48 0.710 0.0437 0.0232 0.566 0.0438 0.0221 0.539 
427244 -0.48 0.738 0.0437 0.0230 0.560 0.0438 0.0220 0.538 
427262 -0.48 0.716 0.0442 0.0234 0.569 0.0445 0.0225 0.550 
427264 -0.48 0.672 0.0439 0.0233 0.566 0.0442 0.0220 0.538 
427360 -0.48 0.704 0.0443 0.0234 0.570 0.0446 0.0226 0.553 
427361 -0.48 0.669 0.0440 0.0231 0.564 0.0442 0.0223 0.545 
427362 -0.48 0.666 0.0437 0.0229 0.558 0.0432 0.0216 0.528 
427363 -0.48 0.666 0.0437 0.0232 0.564 0.0442 0.0223 0.545 
427366 -0.48 0.663 0.0434 0.0232 0.564 0.0436 0.0219 0.535 
427367 -0.48 0.645 0.0440 0.0232 0.564 0.0440 0.0219 0.536 
427373 -0.48 0.681 0.0438 0.0230 0.560 0.0440 0.0222 0.541 
427377 -0.49 0.620 0.0436 0.0227 0.552 0.0440 0.0217 0.532 
427380 -0.48 0.754 0.0435 0.0229 0.557 0.0439 0.0219 0.536 
427383 -0.48 0.626 0.0434 0.0227 0.554 0.0438 0.0219 0.535 
427384 -0.49 0.616 0.0435 0.0229 0.557 0.0438 0.0219 0.535 
427385 -0.48 0.693 0.0435 0.0228 0.555 0.0438 0.0219 0.535 
427388 -0.47 0.713 0.0442 0.0236 0.575 0.0447 0.0226 0.552 
427389 -0.51 0.731 0.0439 0.0233 0.567 0.0446 0.0225 0.549 
427390 -0.48 0.673 0.0438 0.0232 0.564 0.0442 0.0222 0.543 
427391 -0.48 0.731 0.0438 0.0231 0.563 0.0442 0.0222 0.542 
427393 -0.48 0.761 0.0438 0.0230 0.561 0.0442 0.0221 0.541 
427394 -0.48 0.627 0.0436 0.0229 0.558 0.0440 0.0220 0.539 
427397 -0.48 0.668 0.0442 0.0235 0.572 0.0444 0.0226 0.552 
427398 -0.47 0.710 0.0443 0.0237 0.575 0.0446 0.0226 0.552 
427481 -0.48 0.676 0.0446 0.0236 0.574 0.0449 0.0228 0.556 
427482 -0.48 0.676 0.0446 0.0236 0.574 0.0446 0.0225 0.550 
427483 -0.48 0.671 0.0444 0.0235 0.572 0.0445 0.0226 0.552 
427484 -0.48 0.701 0.0440 0.0235 0.571 0.0444 0.0224 0.546 
427485 -0.48 0.691 0.0440 0.0232 0.564 0.0443 0.0222 0.543 
427486 -0.48 0.705 0.0438 0.0233 0.568 0.0444 0.0223 0.545 
427498 -0.48 0.675 0.0445 0.0235 0.572 0.0451 0.0229 0.560 
427499 -0.48 0.675 0.0442 0.0234 0.569 0.0448 0.0225 0.551 
427500 -0.48 0.671 0.0443 0.0235 0.571 0.0446 0.0226 0.552 
427502 -0.48 0.671 0.0443 0.0235 0.572 0.0448 0.0225 0.549 
427508 -0.48 0.666 0.0442 0.0233 0.568 0.0445 0.0223 0.546 
427510 -0.48 0.665 0.0440 0.0230 0.560 0.0443 0.0223 0.545 
427514 -0.48 0.662 0.0440 0.0233 0.566 0.0443 0.0222 0.544 
427523 -0.48 0.672 0.0447 0.0237 0.576 0.0448 0.0226 0.551 
427527 -0.48 0.663 0.0442 0.0235 0.571 0.0445 0.0225 0.549 
427529 -0.48 0.678 0.0440 0.0234 0.569 0.0445 0.0223 0.546 
427530 -0.48 0.626 0.0441 0.0234 0.568 0.0445 0.0223 0.545 
427605 -0.48 0.679 0.0448 0.0237 0.576 0.0454 0.0231 0.564 
427654 -0.48 0.675 0.0444 0.0236 0.575 0.0451 0.0229 0.559 
427656 -0.48 0.672 0.0443 0.0234 0.570 0.0449 0.0229 0.558 
427657 -0.48 0.671 0.0445 0.0233 0.568 0.0440 0.0221 0.541 
427658 -0.48 0.670 0.0445 0.0231 0.564 0.0446 0.0226 0.551 
427660 -0.48 0.669 0.0441 0.0234 0.569 0.0446 0.0226 0.553 
427661 -0.48 0.666 0.0442 0.0232 0.566 0.0445 0.0225 0.549 
427662 -0.48 0.666 0.0440 0.0233 0.567 0.0444 0.0222 0.543 
427670 -0.49 0.622 0.0441 0.0231 0.563 0.0445 0.0222 0.544 
427671 -0.48 0.639 0.0439 0.0230 0.561 0.0446 0.0221 0.541 
427672 -0.48 0.659 0.0438 0.0229 0.559 0.0441 0.0222 0.543 
427673 -0.48 0.656 0.0439 0.0233 0.568 0.0440 0.0220 0.538 
427674 -0.48 0.657 0.0436 0.0232 0.565 0.0442 0.0221 0.540 
427708 -0.47 0.698 0.0452 0.0238 0.579 0.0455 0.0229 0.559 
427709 -0.47 0.695 0.0448 0.0238 0.580 0.0448 0.0227 0.554 
427710 -0.48 0.709 0.0446 0.0237 0.577 0.0448 0.0226 0.553 
427711 -0.48 0.669 0.0446 0.0235 0.573 0.0448 0.0226 0.553 
427712 -0.48 0.667 0.0443 0.0233 0.568 0.0448 0.0228 0.558 
427713 -0.48 0.690 0.0441 0.0234 0.568 0.0446 0.0223 0.545 
427805 -0.48 0.670 0.0443 0.0235 0.572 0.0449 0.0227 0.555 
427806 -0.48 0.667 0.0445 0.0237 0.576 0.0447 0.0226 0.552 
427807 -0.48 0.669 0.0443 0.0234 0.570 0.0447 0.0225 0.549 
427810 -0.48 0.666 0.0443 0.0231 0.563 0.0448 0.0226 0.553 
427811 -0.48 0.665 0.0441 0.0234 0.570 0.0446 0.0226 0.552 
427813 -0.46 0.750 0.0437 0.0233 0.566 0.0446 0.0224 0.547 
427814 -0.48 0.774 0.0440 0.0233 0.567 0.0445 0.0222 0.543 
427815 -0.49 0.628 0.0437 0.0232 0.564 0.0444 0.0221 0.540 
427829 -0.49 0.626 0.0437 0.0229 0.558 0.0444 0.0223 0.544 
427878 -0.47 0.734 0.0501 0.0256 0.625 0.0487 0.0255 0.621 
427879 -0.47 0.732 0.0497 0.0256 0.624 0.0482 0.0251 0.612 
427881 -0.48 0.652 0.0492 0.0251 0.613 0.0479 0.0246 0.599 
427882 -0.48 0.650 0.0496 0.0254 0.619 0.0482 0.0249 0.607 
427883 -0.47 0.665 0.0489 0.0254 0.620 0.0478 0.0245 0.598 
427885 -0.48 0.669 0.0496 0.0256 0.624 0.0481 0.0249 0.608 
427886 -0.47 0.736 0.0494 0.0251 0.613 0.0478 0.0247 0.603 
427887 -0.48 0.644 0.0494 0.0251 0.613 0.0480 0.0247 0.604 
427963 -0.47 0.724 0.0500 0.0257 0.628 0.0488 0.0254 0.619 
427964 -0.47 0.679 0.0497 0.0255 0.623 0.0486 0.0252 0.615 
427965 -0.47 0.708 0.0495 0.0251 0.613 0.0482 0.0250 0.611 
427968 -0.48 0.647 0.0501 0.0251 0.614 0.0473 0.0247 0.601 
427970 -0.48 0.713 0.0496 0.0252 0.615 0.0481 0.0247 0.602 
427974 -0.48 0.707 0.0502 0.0256 0.625 0.0487 0.0253 0.616 
427975 -0.48 0.677 0.0501 0.0257 0.628 0.0485 0.0253 0.616 
427977 -0.48 0.675 0.0496 0.0252 0.615 0.0482 0.0252 0.613 
427979 -0.48 0.672 0.0494 0.0256 0.625 0.0487 0.0253 0.616 
427980 -0.48 0.705 0.0496 0.0254 0.619 0.0478 0.0248 0.604 
427982 -0.48 0.649 0.0497 0.0251 0.613 0.0476 0.0247 0.602 
427984 -0.48 0.692 0.0494 0.0252 0.614 0.0479 0.0247 0.601 
428166 -0.47 0.690 0.0502 0.0259 0.631 0.0487 0.0256 0.623 
428168 -0.47 0.685 0.0497 0.0256 0.624 0.0484 0.0258 0.627 
428169 -0.47 0.713 0.0498 0.0258 0.630 0.0485 0.0255 0.621 
428171 -0.47 0.678 0.0495 0.0252 0.615 0.0479 0.0254 0.618 
428204 -0.47 0.687 0.0501 0.0259 0.631 0.0487 0.0256 0.623 
428206 -0.47 0.677 0.0499 0.0256 0.624 0.0483 0.0252 0.614 
428207 -0.47 0.675 0.0499 0.0258 0.629 0.0483 0.0251 0.613 
428208 -0.47 0.702 0.0498 0.0257 0.626 0.0481 0.0253 0.615 
428211 -0.48 0.649 0.0493 0.0253 0.617 0.0477 0.0251 0.610 
428212 -0.47 0.721 0.0497 0.0254 0.619 0.0481 0.0251 0.612 
428255 -0.47 0.688 0.0505 0.0258 0.631 0.0488 0.0259 0.631 
428256 -0.47 0.733 0.0500 0.0256 0.625 0.0485 0.0254 0.619 
428260 -0.47 0.680 0.0498 0.0258 0.628 0.0485 0.0250 0.610 
428261 -0.48 0.681 0.0503 0.0262 0.638 0.0485 0.0258 0.627 
428262 -0.48 0.676 0.0501 0.0258 0.630 0.0482 0.0254 0.618 
428263 -0.47 0.731 0.0504 0.0260 0.635 0.0488 0.0257 0.625 
428264 -0.47 0.680 0.0500 0.0258 0.629 0.0486 0.0256 0.624 
428265 -0.47 0.681 0.0502 0.0258 0.629 0.0487 0.0255 0.621 
428266 -0.47 0.682 0.0499 0.0256 0.625 0.0483 0.0248 0.606 
428267 -0.47 0.677 0.0502 0.0260 0.634 0.0486 0.0254 0.618 
428268 -0.48 0.673 0.0500 0.0259 0.632 0.0484 0.0251 0.613 
428269 -0.47 0.709 0.0499 0.0258 0.630 0.0485 0.0254 0.619 
428272 -0.47 0.678 0.0500 0.0259 0.632 0.0484 0.0254 0.619 
428273 -0.48 0.632 0.0500 0.0258 0.629 0.0484 0.0253 0.616 
428318 -0.48 0.695 0.0506 0.0262 0.639 0.0488 0.0261 0.634 
428319 -0.47 0.691 0.0504 0.0260 0.634 0.0490 0.0257 0.626 
428321 -0.47 0.687 0.0500 0.0255 0.623 0.0485 0.0253 0.616 
428323 -0.47 0.686 0.0502 0.0262 0.638 0.0482 0.0253 0.616 
428324 -0.47 0.687 0.0501 0.0256 0.626 0.0487 0.0252 0.614 
428325 -0.47 0.699 0.0498 0.0255 0.622 0.0486 0.0254 0.620 
428326 -0.47 0.679 0.0499 0.0259 0.632 0.0481 0.0250 0.610 
428328 -0.47 0.690 0.0498 0.0256 0.625 0.0484 0.0253 0.616 
428329 -0.48 0.674 0.0498 0.0256 0.625 0.0482 0.0253 0.617 
428331 -0.48 0.632 0.0496 0.0255 0.622 0.0483 0.0252 0.613 
428377 -0.47 0.733 0.0498 0.0254 0.619 0.0485 0.0254 0.618 
428379 -0.47 0.722 0.0496 0.0253 0.617 0.0481 0.0250 0.610 
428381 -0.48 0.657 0.0497 0.0254 0.621 0.0481 0.0250 0.609 
428382 -0.48 0.655 0.0497 0.0254 0.620 0.0480 0.0252 0.613 
428384 -0.48 0.655 0.0496 0.0251 0.613 0.0482 0.0250 0.609 
428385 -0.47 0.730 0.0497 0.0252 0.614 0.0480 0.0247 0.602 
428386 -0.47 0.664 0.0497 0.0253 0.618 0.0481 0.0249 0.607 
428431 -0.47 0.715 0.0504 0.0257 0.628 0.0491 0.0256 0.625 
428432 -0.47 0.689 0.0502 0.0254 0.621 0.0486 0.0252 0.615 
428433 -0.47 0.705 0.0500 0.0255 0.624 0.0485 0.0251 0.612 
428446 -0.47 0.706 0.0497 0.0254 0.620 0.0480 0.0248 0.606 
428447 -0.48 0.674 0.0495 0.0252 0.615 0.0480 0.0249 0.607 
428448 -0.48 0.684 0.0497 0.0253 0.617 0.0481 0.0247 0.602 
428451 -0.48 0.697 0.0505 0.0257 0.626 0.0488 0.0249 0.607 
428452 -0.47 0.692 0.0500 0.0254 0.621 0.0486 0.0253 0.617 
428453 -0.48 0.687 0.0498 0.0253 0.618 0.0483 0.0249 0.608 
428454 -0.48 0.688 0.0496 0.0255 0.621 0.0486 0.0250 0.611 
428455 -0.47 0.720 0.0497 0.0253 0.618 0.0481 0.0249 0.607 
428459 -0.47 0.741 0.0495 0.0251 0.612 0.0480 0.0247 0.602 
428460 -0.47 0.687 0.0495 0.0250 0.611 0.0479 0.0246 0.599 
428601 -0.47 0.675 0.0502 0.0261 0.637 0.0488 0.0252 0.615 
428602 -0.47 0.733 0.0498 0.0255 0.622 0.0483 0.0252 0.614 
428603 -0.48 0.651 0.0500 0.0254 0.621 0.0484 0.0251 0.612 
428604 -0.47 0.743 0.0496 0.0253 0.617 0.0480 0.0249 0.607 
428605 -0.48 0.636 0.0495 0.0250 0.611 0.0478 0.0247 0.602 
428607 -0.47 0.680 0.0496 0.0251 0.612 0.0480 0.0248 0.604 
428608 -0.47 0.780 0.0495 0.0250 0.612 0.0479 0.0246 0.601 
428609 -0.48 0.616 0.0493 0.0251 0.612 0.0480 0.0247 0.603 
428610 -0.48 0.614 0.0494 0.0251 0.612 0.0478 0.0246 0.599 
428613 -0.47 0.681 0.0501 0.0254 0.620 0.0485 0.0253 0.617 
428614 -0.47 0.719 0.0499 0.0255 0.622 0.0484 0.0252 0.615 
428615 -0.48 0.675 0.0498 0.0248 0.606 0.0480 0.0251 0.612 
428616 -0.47 0.709 0.0498 0.0254 0.620 0.0480 0.0251 0.612 
428617 -0.47 0.777 0.0496 0.0251 0.614 0.0480 0.0248 0.605 
428618 -0.47 0.683 0.0496 0.0251 0.614 0.0478 0.0248 0.604 
428710 -0.47 0.679 0.0502 0.0257 0.628 0.0489 0.0253 0.617 
428713 -0.47 0.736 0.0501 0.0258 0.629 0.0484 0.0253 0.617 
428714 -0.48 0.702 0.0456 0.0237 0.579 0.0457 0.0238 0.580 
428715 -0.48 0.674 0.0455 0.0236 0.576 0.0456 0.0235 0.573 
428717 -0.48 0.687 0.0454 0.0236 0.576 0.0456 0.0238 0.581 
428728 -0.48 0.675 0.0468 0.0245 0.596 0.0465 0.0242 0.590 
428730 -0.48 0.676 0.0455 0.0245 0.596 0.0463 0.0244 0.595 
428733 -0.48 0.677 0.0457 0.0240 0.584 0.0461 0.0238 0.581 
428734 -0.48 0.675 0.0461 0.0241 0.587 0.0462 0.0237 0.578 
428735 -0.48 0.718 0.0457 0.0237 0.577 0.0460 0.0238 0.581 
428736 -0.48 0.716 0.0455 0.0238 0.579 0.0456 0.0239 0.582 
428737 -0.48 0.642 0.0454 0.0238 0.581 0.0462 0.0243 0.591 
428738 -0.48 0.643 0.0454 0.0233 0.569 0.0456 0.0235 0.572 
428739 -0.48 0.646 0.0455 0.0235 0.574 0.0457 0.0236 0.576 
428754 -0.48 0.674 0.0455 0.0234 0.571 0.0458 0.0238 0.581 
428755 -0.48 0.672 0.0457 0.0237 0.577 0.0458 0.0238 0.579 
428757 -0.48 0.713 0.0456 0.0236 0.575 0.0456 0.0237 0.577 
428758 -0.48 0.666 0.0453 0.0236 0.576 0.0450 0.0235 0.572 
428759 -0.48 0.693 0.0455 0.0237 0.577 0.0456 0.0236 0.575 
428760 -0.48 0.640 0.0454 0.0237 0.578 0.0456 0.0237 0.578 
428762 -0.48 0.623 0.0454 0.0236 0.576 0.0456 0.0235 0.574 
428763 -0.48 0.620 0.0455 0.0235 0.574 0.0457 0.0236 0.575 
428771 -0.48 0.677 0.0463 0.0242 0.589 0.0468 0.0243 0.591 
428772 -0.48 0.674 0.0461 0.0240 0.585 0.0465 0.0243 0.593 
428891 -0.48 0.673 0.0455 0.0239 0.582 0.0458 0.0239 0.583 
428892 -0.48 0.674 0.0459 0.0239 0.582 0.0460 0.0234 0.571 
428893 -0.48 0.670 0.0457 0.0236 0.576 0.0458 0.0237 0.577 
428894 -0.48 0.706 0.0454 0.0235 0.572 0.0456 0.0236 0.576 
428896 -0.48 0.623 0.0455 0.0235 0.574 0.0457 0.0236 0.576 
428898 -0.48 0.632 0.0452 0.0234 0.571 0.0455 0.0235 0.572 
428929 -0.47 0.719 0.0460 0.0239 0.584 0.0463 0.0241 0.587 
428930 -0.48 0.674 0.0457 0.0237 0.578 0.0462 0.0238 0.582 
428931 -0.48 0.694 0.0456 0.0237 0.577 0.0458 0.0238 0.579 
428933 -0.48 0.726 0.0454 0.0235 0.572 0.0456 0.0236 0.575 
428934 -0.48 0.631 0.0455 0.0233 0.568 0.0455 0.0237 0.578 
429007 -0.48 0.668 0.0459 0.0235 0.574 0.0460 0.0237 0.577 
429010 -0.48 0.680 0.0461 0.0239 0.583 0.0463 0.0238 0.581 
429014 -0.48 0.672 0.0460 0.0238 0.581 0.0461 0.0238 0.580 
429016 -0.48 0.668 0.0456 0.0235 0.574 0.0459 0.0237 0.579 
429017 -0.48 0.663 0.0454 0.0233 0.568 0.0458 0.0235 0.573 
429022 -0.48 0.686 0.0465 0.0237 0.579 0.0465 0.0242 0.590 
429023 -0.48 0.681 0.0463 0.0240 0.584 0.0466 0.0244 0.593 
429024 -0.48 0.680 0.0464 0.0239 0.582 0.0462 0.0239 0.582 
429025 -0.48 0.676 0.0459 0.0237 0.578 0.0462 0.0238 0.580 
429026 -0.48 0.672 0.0457 0.0236 0.575 0.0457 0.0235 0.573 
429027 -0.48 0.668 0.0456 0.0237 0.577 0.0459 0.0236 0.577 
429029 -0.48 0.642 0.0456 0.0234 0.570 0.0457 0.0236 0.576 
429062 -0.47 0.743 0.0463 0.0241 0.588 0.0467 0.0243 0.591 
429066 -0.48 0.667 0.0459 0.0240 0.585 0.0461 0.0241 0.588 
429067 -0.48 0.660 0.0457 0.0240 0.584 0.0460 0.0240 0.584 
429068 -0.48 0.721 0.0455 0.0238 0.580 0.0458 0.0239 0.583 
429069 -0.48 0.626 0.0455 0.0238 0.579 0.0458 0.0239 0.583 
429070 -0.48 0.687 0.0453 0.0237 0.577 0.0458 0.0237 0.578 
429071 -0.48 0.613 0.0455 0.0236 0.576 0.0457 0.0237 0.577 
429112 -0.48 0.681 0.0460 0.0243 0.591 0.0467 0.0243 0.592 
429114 -0.48 0.675 0.0458 0.0240 0.586 0.0463 0.0242 0.589 
429115 -0.48 0.709 0.0456 0.0238 0.579 0.0460 0.0240 0.584 
429126 -0.48 0.706 0.0464 0.0240 0.586 0.0468 0.0244 0.595 
429127 -0.48 0.679 0.0464 0.0243 0.592 0.0467 0.0243 0.593 
429128 -0.48 0.677 0.0461 0.0243 0.592 0.0466 0.0244 0.593 
429129 -0.48 0.675 0.0460 0.0242 0.590 0.0461 0.0244 0.594 
429132 -0.48 0.671 0.0456 0.0239 0.583 0.0461 0.0241 0.587 
429133 -0.48 0.668 0.0457 0.0237 0.579 0.0461 0.0242 0.590 
429351 -0.48 0.643 0.0456 0.0239 0.582 0.0462 0.0241 0.587 
429352 -0.48 0.743 0.0455 0.0238 0.579 0.0459 0.0240 0.584 
429353 -0.48 0.727 0.0453 0.0238 0.579 0.0458 0.0239 0.582 
429355 -0.48 0.615 0.0453 0.0236 0.575 0.0460 0.0240 0.585 
429359 -0.48 0.773 0.0453 0.0236 0.575 0.0457 0.0238 0.580 
429361 -0.48 0.696 0.0457 0.0238 0.581 0.0462 0.0243 0.592 
429364 -0.48 0.669 0.0454 0.0238 0.580 0.0456 0.0240 0.585 
429365 -0.48 0.670 0.0452 0.0234 0.571 0.0451 0.0237 0.577 
429366 -0.47 0.736 0.0454 0.0237 0.577 0.0459 0.0239 0.583 
429368 -0.48 0.625 0.0454 0.0236 0.576 0.0459 0.0239 0.582 
429370 -0.48 0.641 0.0452 0.0235 0.574 0.0459 0.0239 0.583 
429503 -0.48 0.644 0.0462 0.0234 0.571 0.0470 0.0240 0.587 
429504 -0.48 0.639 0.0460 0.0235 0.574 0.0462 0.0235 0.573 
429505 -0.48 0.636 0.0455 0.0237 0.576 0.0462 0.0238 0.580 
429506 -0.48 0.636 0.0458 0.0235 0.572 0.0460 0.0234 0.572 
429512 -0.49 0.621 0.0455 0.0232 0.566 0.0458 0.0235 0.574 
429518 -0.48 0.705 0.0453 0.0233 0.567 0.0456 0.0234 0.571 
429519 -0.48 0.750 0.0454 0.0233 0.569 0.0454 0.0233 0.569 
429549 -0.46 0.692 0.0464 0.0232 0.568 0.0472 0.0235 0.575 
429551 -0.46 0.671 0.0461 0.0230 0.561 0.0469 0.0234 0.573 
429552 -0.46 0.682 0.0462 0.0232 0.567 0.0469 0.0234 0.573 
429554 -0.46 0.709 0.0465 0.0235 0.575 0.0471 0.0236 0.578 
429555 -0.46 0.670 0.0463 0.0233 0.570 0.0471 0.0235 0.575 
429556 -0.46 0.619 0.0465 0.0234 0.572 0.0470 0.0232 0.569 
429589 -0.46 0.679 0.0470 0.0240 0.586 0.0476 0.0240 0.586 
429590 -0.46 0.673 0.0468 0.0237 0.580 0.0477 0.0241 0.589 
429591 -0.46 0.695 0.0467 0.0237 0.578 0.0473 0.0238 0.582 
429592 -0.46 0.665 0.0465 0.0237 0.578 0.0472 0.0237 0.580 
429593 -0.46 0.644 0.0465 0.0236 0.577 0.0473 0.0235 0.575 
429594 -0.46 0.622 0.0463 0.0230 0.563 0.0472 0.0234 0.572 
429595 -0.46 0.623 0.0463 0.0234 0.573 0.0470 0.0235 0.575 
429596 -0.46 0.691 0.0461 0.0231 0.565 0.0468 0.0231 0.566 
429676 -0.46 0.701 0.0465 0.0232 0.568 0.0473 0.0235 0.576 
429678 -0.46 0.677 0.0463 0.0232 0.566 0.0468 0.0233 0.570 
429679 -0.46 0.674 0.0462 0.0232 0.568 0.0470 0.0235 0.575 
429680 -0.46 0.672 0.0465 0.0231 0.564 0.0470 0.0236 0.577 
429685 -0.46 0.670 0.0459 0.0229 0.561 0.0467 0.0234 0.573 
429686 -0.47 0.667 0.0459 0.0230 0.562 0.0464 0.0231 0.565 
429687 -0.26 0.718 0.0480 0.0244 0.596 0.0498 0.0230 0.566 
429688 -0.46 0.720 0.0460 0.0229 0.560 0.0468 0.0231 0.565 
429689 -0.46 0.623 0.0460 0.0228 0.557 0.0468 0.0231 0.565 
429691 -0.46 0.660 0.0463 0.0233 0.569 0.0471 0.0235 0.574 
429696 -0.46 0.618 0.0463 0.0231 0.564 0.0470 0.0234 0.572 
429787 -0.45 0.680 0.0466 0.0234 0.572 0.0475 0.0234 0.574 
429789 -0.45 0.682 0.0466 0.0236 0.577 0.0477 0.0239 0.584 
429795 -0.45 0.672 0.0466 0.0234 0.571 0.0474 0.0237 0.580 
429796 -0.45 0.710 0.0462 0.0234 0.571 0.0473 0.0237 0.579 
429797 -0.45 0.700 0.0462 0.0234 0.571 0.0475 0.0237 0.580 
429798 -0.45 0.624 0.0463 0.0231 0.565 0.0477 0.0240 0.586 
429799 -0.45 0.770 0.0463 0.0233 0.569 0.0474 0.0236 0.577 
429800 -0.45 0.750 0.0463 0.0234 0.571 0.0471 0.0234 0.573 
429801 -0.46 0.628 0.0461 0.0232 0.567 0.0471 0.0234 0.573 
429802 -0.45 0.770 0.0463 0.0232 0.568 0.0471 0.0234 0.572 
429886 -0.45 0.681 0.0464 0.0235 0.574 0.0478 0.0240 0.587 
429887 -0.45 0.680 0.0466 0.0236 0.576 0.0475 0.0238 0.581 
429888 -0.45 0.677 0.0466 0.0238 0.581 0.0473 0.0235 0.575 
429889 -0.45 0.706 0.0466 0.0236 0.576 0.0476 0.0239 0.585 
429890 -0.46 0.671 0.0463 0.0233 0.569 0.0473 0.0234 0.573 
429893 -0.45 0.668 0.0463 0.0235 0.573 0.0472 0.0237 0.579 
429894 -0.45 0.636 0.0465 0.0234 0.573 0.0476 0.0238 0.581 
429895 -0.45 0.617 0.0466 0.0236 0.577 0.0476 0.0237 0.580 
429896 -0.45 0.785 0.0466 0.0235 0.574 0.0475 0.0238 0.581 
429905 -0.45 0.674 0.0463 0.0234 0.572 0.0475 0.0238 0.581 
429906 -0.45 0.645 0.0464 0.0232 0.568 0.0475 0.0237 0.580 
429909 -0.45 0.696 0.0462 0.0233 0.570 0.0472 0.0236 0.577 
429910 -0.45 0.757 0.0461 0.0230 0.563 0.0471 0.0234 0.572 
429911 -0.45 0.781 0.0460 0.0229 0.560 0.0470 0.0233 0.570 
429912 -0.46 0.719 0.0460 0.0229 0.561 0.0468 0.0232 0.567 
429915 -0.46 0.687 0.0460 0.0228 0.558 0.0467 0.0231 0.565 
430013 -0.46 0.718 0.0445 0.0222 0.542 0.0460 0.0227 0.555 
430014 -0.46 0.669 0.0443 0.0217 0.532 0.0457 0.0227 0.554 
430016 -0.46 0.744 0.0446 0.0219 0.537 0.0458 0.0225 0.550 
430017 -0.46 0.627 0.0444 0.0219 0.536 0.0457 0.0224 0.549 
430022 -0.45 0.741 0.0451 0.0223 0.547 0.0464 0.0230 0.562 
430023 -0.46 0.713 0.0448 0.0223 0.545 0.0463 0.0230 0.562 
430024 -0.46 0.673 0.0448 0.0221 0.540 0.0458 0.0228 0.558 
430116 -0.46 0.707 0.0456 0.0227 0.556 0.0471 0.0235 0.574 
430117 -0.46 0.681 0.0452 0.0225 0.551 0.0468 0.0234 0.572 
430119 -0.46 0.678 0.0446 0.0220 0.539 0.0465 0.0233 0.569 
430120 -0.46 0.678 0.0449 0.0225 0.551 0.0465 0.0232 0.568 
430121 -0.46 0.677 0.0450 0.0224 0.548 0.0464 0.0231 0.564 
430123 -0.46 0.700 0.0448 0.0223 0.545 0.0461 0.0229 0.560 
430124 -0.46 0.676 0.0447 0.0221 0.541 0.0459 0.0226 0.553 
430125 -0.46 0.627 0.0449 0.0223 0.545 0.0461 0.0227 0.557 
430128 -0.46 0.633 0.0446 0.0219 0.536 0.0460 0.0226 0.553 
430131 -0.46 0.632 0.0446 0.0222 0.543 0.0457 0.0226 0.553 
430133 -0.45 0.685 0.0453 0.0226 0.553 0.0465 0.0232 0.568 
430134 -0.45 0.680 0.0451 0.0225 0.551 0.0466 0.0233 0.569 
430136 -0.45 0.677 0.0453 0.0226 0.553 0.0466 0.0233 0.569 
430141 -0.46 0.675 0.0451 0.0229 0.559 0.0466 0.0231 0.565 
430142 -0.46 0.690 0.0452 0.0227 0.555 0.0464 0.0233 0.570 
430143 -0.46 0.702 0.0451 0.0225 0.551 0.0464 0.0231 0.565 
430234 -0.45 0.689 0.0454 0.0227 0.555 0.0472 0.0235 0.575 
430235 -0.45 0.684 0.0455 0.0230 0.561 0.0470 0.0237 0.578 
430236 -0.46 0.723 0.0452 0.0226 0.554 0.0469 0.0235 0.574 
430237 -0.46 0.677 0.0451 0.0226 0.553 0.0465 0.0233 0.570 
430238 -0.46 0.674 0.0450 0.0226 0.552 0.0466 0.0233 0.570 
430239 -0.46 0.674 0.0450 0.0230 0.561 0.0462 0.0231 0.565 
430240 -0.46 0.697 0.0451 0.0228 0.556 0.0466 0.0233 0.570 
430241 -0.46 0.629 0.0452 0.0226 0.552 0.0466 0.0232 0.568 
430242 -0.46 0.681 0.0452 0.0226 0.552 0.0465 0.0231 0.565 
430277 -0.45 0.716 0.0453 0.0228 0.557 0.0471 0.0236 0.577 
430278 -0.46 0.726 0.0454 0.0228 0.557 0.0469 0.0235 0.575 
430279 -0.46 0.679 0.0454 0.0228 0.558 0.0469 0.0235 0.574 
430280 -0.46 0.710 0.0452 0.0226 0.552 0.0467 0.0234 0.572 
430281 -0.46 0.702 0.0451 0.0226 0.553 0.0464 0.0232 0.568 
430384 -0.46 0.684 0.0455 0.0227 0.555 0.0465 0.0230 0.563 
430386 -0.46 0.682 0.0451 0.0226 0.553 0.0465 0.0230 0.564 
430389 -0.46 0.681 0.0452 0.0225 0.551 0.0465 0.0231 0.565 
430390 -0.46 0.677 0.0451 0.0227 0.554 0.0463 0.0231 0.566 
430393 -0.46 0.690 0.0451 0.0227 0.554 0.0462 0.0230 0.564 
430402 -0.46 0.728 0.0449 0.0222 0.543 0.0458 0.0226 0.553 
430406 -0.45 0.752 0.0453 0.0225 0.551 0.0465 0.0229 0.561 
430407 -0.45 0.720 0.0450 0.0223 0.546 0.0462 0.0228 0.558 
430408 -0.46 0.682 0.0451 0.0224 0.547 0.0463 0.0230 0.563 
430409 -0.46 0.678 0.0449 0.0223 0.544 0.0463 0.0230 0.563 
430414 -0.46 0.703 0.0447 0.0222 0.544 0.0459 0.0227 0.555 
430415 -0.46 0.696 0.0448 0.0222 0.542 0.0459 0.0226 0.552 
430494 -0.46 0.723 0.0456 0.0229 0.560 0.0472 0.0233 0.570 
430496 -0.46 0.758 0.0457 0.0229 0.560 0.0468 0.0233 0.569 
430497 -0.46 0.719 0.0454 0.0227 0.555 0.0464 0.0232 0.567 
430500 -0.46 0.707 0.0451 0.0227 0.555 0.0462 0.0230 0.562 
430501 -0.46 0.690 0.0449 0.0226 0.553 0.0463 0.0230 0.563 
430502 -0.46 0.663 0.0449 0.0225 0.549 0.0460 0.0230 0.562 
430519 -0.45 0.716 0.0460 0.0229 0.560 0.0472 0.0235 0.575 
430520 -0.46 0.706 0.0458 0.0231 0.565 0.0470 0.0234 0.572 
430521 -0.46 0.705 0.0452 0.0228 0.557 0.0465 0.0232 0.568 
430522 -0.46 0.671 0.0453 0.0227 0.554 0.0466 0.0234 0.572 
430524 -0.46 0.698 0.0451 0.0225 0.551 0.0462 0.0231 0.564 
430525 -0.46 0.626 0.0452 0.0225 0.550 0.0461 0.0230 0.563 
430557 -0.45 0.773 0.0454 0.0226 0.553 0.0465 0.0230 0.562 
430558 -0.45 0.708 0.0451 0.0225 0.549 0.0460 0.0227 0.556 
430560 -0.46 0.679 0.0450 0.0224 0.547 0.0457 0.0225 0.551 
430562 -0.46 0.719 0.0451 0.0226 0.553 0.0461 0.0229 0.561 
430563 -0.46 0.673 0.0458 0.0226 0.552 0.0466 0.0234 0.571 
430565 -0.46 0.701 0.0451 0.0226 0.552 0.0463 0.0229 0.560 
430566 -0.46 0.645 0.0451 0.0225 0.550 0.0460 0.0228 0.558 
430594 -0.46 0.672 0.0454 0.0227 0.555 0.0461 0.0230 0.562 
430595 -0.46 0.713 0.0451 0.0227 0.555 0.0462 0.0231 0.564 
430596 -0.46 0.660 0.0452 0.0227 0.554 0.0463 0.0230 0.563 
430598 -0.46 0.626 0.0453 0.0225 0.551 0.0462 0.0230 0.562 
430599 -0.46 0.769 0.0452 0.0225 0.551 0.0462 0.0228 0.559 
430600 -0.46 0.632 0.0454 0.0224 0.548 0.0461 0.0228 0.558 
430607 -0.46 0.685 0.0452 0.0227 0.555 0.0463 0.0231 0.564 
430608 -0.46 0.681 0.0450 0.0220 0.539 0.0462 0.0224 0.550 
430676 -0.46 0.732 0.0455 0.0227 0.555 0.0467 0.0232 0.568 
430679 -0.46 0.682 0.0450 0.0225 0.550 0.0462 0.0230 0.562 
430680 -0.46 0.679 0.0453 0.0226 0.553 0.0462 0.0230 0.562 
430681 -0.46 0.676 0.0454 0.0228 0.556 0.0461 0.0229 0.560 
430682 -0.46 0.710 0.0451 0.0225 0.551 0.0462 0.0229 0.561 
430683 -0.46 0.734 0.0453 0.0227 0.554 0.0462 0.0229 0.560 
430692 -0.46 0.722 0.0460 0.0232 0.566 0.0470 0.0231 0.566 
430693 -0.46 0.696 0.0455 0.0233 0.568 0.0468 0.0235 0.574 
430694 -0.46 0.689 0.0456 0.0231 0.565 0.0467 0.0234 0.572 
430696 -0.46 0.707 0.0455 0.0229 0.559 0.0466 0.0234 0.573 
430697 -0.46 0.720 0.0454 0.0229 0.559 0.0465 0.0232 0.567 
430699 -0.46 0.705 0.0454 0.0229 0.559 0.0463 0.0231 0.564 
430700 -0.46 0.649 0.0456 0.0229 0.560 0.0465 0.0231 0.565 
430701 -0.46 0.629 0.0452 0.0226 0.553 0.0464 0.0231 0.564 
430702 -0.46 0.642 0.0454 0.0228 0.557 0.0463 0.0229 0.560 
430905 -0.46 0.696 0.0458 0.0226 0.553 0.0472 0.0230 0.564 
430906 -0.45 0.691 0.0460 0.0228 0.559 0.0472 0.0238 0.582 
430907 -0.46 0.687 0.0449 0.0223 0.545 0.0464 0.0230 0.562 
430909 -0.45 0.685 0.0450 0.0225 0.550 0.0465 0.0232 0.567 
430911 -0.45 0.712 0.0450 0.0226 0.553 0.0463 0.0231 0.565 
430912 -0.45 0.711 0.0449 0.0225 0.551 0.0462 0.0229 0.559 
430913 -0.46 0.668 0.0448 0.0222 0.543 0.0462 0.0228 0.559 
430914 -0.46 0.667 0.0449 0.0223 0.546 0.0463 0.0228 0.558 
430920 -0.46 0.711 0.0452 0.0223 0.546 0.0465 0.0230 0.562 
430921 -0.46 0.681 0.0452 0.0225 0.550 0.0461 0.0231 0.564 
430923 -0.46 0.718 0.0452 0.0227 0.555 0.0463 0.0231 0.565 
430924 -0.46 0.671 0.0449 0.0226 0.551 0.0465 0.0233 0.570 
430925 -0.46 0.670 0.0451 0.0226 0.551 0.0464 0.0233 0.569 
430927 -0.46 0.669 0.0448 0.0226 0.552 0.0462 0.0232 0.568 
430928 -0.46 0.666 0.0450 0.0225 0.551 0.0460 0.0229 0.559 
430929 -0.46 0.645 0.0450 0.0225 0.551 0.0463 0.0232 0.568 
430930 -0.46 0.644 0.0449 0.0224 0.549 0.0461 0.0229 0.560 
430931 -0.46 0.622 0.0449 0.0225 0.549 0.0462 0.0231 0.564 
430932 -0.46 0.624 0.0451 0.0225 0.549 0.0460 0.0227 0.556 
430933 -0.46 0.622 0.0450 0.0223 0.545 0.0460 0.0228 0.557 
430935 -0.46 0.629 0.0447 0.0222 0.543 0.0461 0.0229 0.560 
430936 -0.46 0.631 0.0449 0.0225 0.550 0.0460 0.0228 0.557 
431020 -0.46 0.712 0.0459 0.0230 0.562 0.0469 0.0235 0.575 
431021 -0.46 0.696 0.0455 0.0229 0.559 0.0466 0.0233 0.570 
431022 -0.46 0.704 0.0452 0.0227 0.555 0.0463 0.0231 0.565 
431023 -0.46 0.670 0.0451 0.0225 0.551 0.0463 0.0230 0.562 
431026 -0.46 0.715 0.0457 0.0230 0.562 0.0469 0.0234 0.573 
431027 -0.46 0.729 0.0454 0.0227 0.556 0.0465 0.0232 0.568 
431028 -0.46 0.680 0.0452 0.0226 0.553 0.0460 0.0228 0.558 
431030 -0.46 0.707 0.0451 0.0225 0.551 0.0461 0.0229 0.561 
431031 -0.46 0.673 0.0449 0.0224 0.548 0.0458 0.0228 0.557 
431033 -0.46 0.670 0.0447 0.0223 0.545 0.0458 0.0226 0.554 
431040 -0.46 0.646 0.0452 0.0227 0.555 0.0462 0.0230 0.562 
431122 -0.48 0.670 0.0463 0.0235 0.575 0.0473 0.0239 0.584 
431123 -0.47 0.666 0.0462 0.0233 0.570 0.0471 0.0236 0.577 
431125 -0.47 0.654 0.0459 0.0229 0.561 0.0463 0.0228 0.559 
431126 -0.47 0.687 0.0453 0.0226 0.553 0.0463 0.0230 0.562 
431127 -0.47 0.653 0.0451 0.0226 0.552 0.0462 0.0227 0.555 
431130 -0.46 0.671 0.0452 0.0225 0.550 0.0460 0.0226 0.554 
431131 -0.46 0.735 0.0454 0.0226 0.553 0.0461 0.0228 0.557 
431134 -0.48 0.700 0.0459 0.0224 0.550 0.0468 0.0235 0.574 
431135 -0.48 0.731 0.0460 0.0229 0.561 0.0469 0.0233 0.569 
431136 -0.47 0.682 0.0458 0.0227 0.556 0.0466 0.0230 0.563 
431137 -0.47 0.660 0.0455 0.0231 0.565 0.0465 0.0228 0.558 
431138 -0.47 0.681 0.0455 0.0227 0.556 0.0463 0.0229 0.561 
431139 -0.47 0.655 0.0456 0.0228 0.558 0.0463 0.0230 0.563 
431142 -0.48 0.718 0.0464 0.0232 0.568 0.0470 0.0233 0.570 
431143 -0.47 0.665 0.0459 0.0231 0.566 0.0468 0.0231 0.564 
431144 -0.47 0.686 0.0459 0.0232 0.566 0.0470 0.0235 0.574 
431145 -0.47 0.679 0.0458 0.0230 0.561 0.0466 0.0233 0.569 
431146 -0.47 0.655 0.0451 0.0223 0.547 0.0461 0.0229 0.559 
431147 -0.47 0.655 0.0454 0.0226 0.554 0.0463 0.0227 0.557 
431148 -0.47 0.704 0.0455 0.0227 0.556 0.0462 0.0228 0.559 
431149 -0.47 0.617 0.0457 0.0227 0.554 0.0462 0.0230 0.563 
431216 -0.48 0.696 0.0461 0.0231 0.565 0.0471 0.0234 0.572 
431217 -0.47 0.696 0.0458 0.0229 0.561 0.0468 0.0233 0.569 
431219 -0.47 0.662 0.0457 0.0230 0.561 0.0466 0.0231 0.564 
431220 -0.47 0.677 0.0457 0.0229 0.559 0.0465 0.0232 0.567 
431221 -0.47 0.671 0.0456 0.0229 0.561 0.0465 0.0231 0.566 
431224 -0.47 0.636 0.0452 0.0227 0.554 0.0461 0.0228 0.558 
431233 -0.47 0.668 0.0458 0.0227 0.556 0.0467 0.0233 0.570 
431234 -0.47 0.695 0.0457 0.0229 0.560 0.0467 0.0233 0.570 
431235 -0.47 0.678 0.0457 0.0228 0.558 0.0465 0.0230 0.564 
431239 -0.47 0.668 0.0456 0.0228 0.557 0.0464 0.0229 0.561 
431240 -0.47 0.633 0.0454 0.0226 0.553 0.0463 0.0228 0.559 
431256 -0.48 0.740 0.0462 0.0231 0.566 0.0471 0.0234 0.573 
431257 -0.47 0.682 0.0460 0.0231 0.564 0.0470 0.0234 0.571 
431258 -0.47 0.691 0.0461 0.0232 0.566 0.0469 0.0234 0.572 
431259 -0.47 0.657 0.0457 0.0229 0.560 0.0465 0.0231 0.566 
431260 -0.47 0.666 0.0457 0.0229 0.560 0.0467 0.0232 0.569 
431261 -0.47 0.654 0.0457 0.0230 0.562 0.0468 0.0233 0.569 
431294 -0.47 0.725 0.0462 0.0231 0.565 0.0472 0.0233 0.571 
431295 -0.47 0.685 0.0459 0.0231 0.564 0.0468 0.0232 0.568 
431298 -0.47 0.690 0.0457 0.0231 0.564 0.0466 0.0232 0.567 
431299 -0.47 0.657 0.0457 0.0228 0.558 0.0466 0.0233 0.570 
431301 -0.47 0.672 0.0458 0.0227 0.556 0.0465 0.0230 0.562 
431302 -0.47 0.654 0.0456 0.0228 0.558 0.0461 0.0231 0.564 
431357 -0.48 0.669 0.0483 0.0231 0.568 0.0487 0.0238 0.582 
431358 -0.47 0.685 0.0480 0.0229 0.561 0.0483 0.0234 0.575 
431360 -0.47 0.689 0.0479 0.0228 0.559 0.0481 0.0233 0.571 
431361 -0.47 0.655 0.0480 0.0230 0.564 0.0484 0.0234 0.575 
431362 -0.47 0.655 0.0478 0.0227 0.557 0.0481 0.0235 0.575 
431428 -0.48 0.727 0.0481 0.0228 0.561 0.0486 0.0235 0.575 
431429 -0.47 0.668 0.0478 0.0227 0.558 0.0481 0.0233 0.570 
431430 -0.47 0.679 0.0478 0.0227 0.558 0.0482 0.0233 0.571 
431432 -0.47 0.671 0.0478 0.0228 0.560 0.0482 0.0232 0.569 
431437 -0.48 0.693 0.0486 0.0234 0.575 0.0489 0.0238 0.584 
431447 -0.47 0.689 0.0482 0.0230 0.565 0.0487 0.0237 0.581 
431448 -0.47 0.661 0.0477 0.0228 0.561 0.0486 0.0237 0.580 
431453 -0.47 0.657 0.0481 0.0229 0.563 0.0483 0.0232 0.570 
431454 -0.47 0.659 0.0477 0.0225 0.554 0.0479 0.0231 0.566 
431458 -0.47 0.723 0.0475 0.0225 0.553 0.0479 0.0230 0.563 
431608 -0.48 0.693 0.0493 0.0234 0.575 0.0484 0.0239 0.584 
431609 -0.48 0.671 0.0483 0.0230 0.564 0.0487 0.0236 0.577 
431612 -0.48 0.699 0.0485 0.0229 0.563 0.0488 0.0234 0.574 
431615 -0.47 0.721 0.0480 0.0225 0.554 0.0484 0.0232 0.569 
431616 -0.47 0.694 0.0477 0.0226 0.555 0.0480 0.0231 0.566 
431618 -0.47 0.681 0.0477 0.0227 0.558 0.0481 0.0232 0.570 
431619 -0.47 0.652 0.0475 0.0226 0.554 0.0482 0.0233 0.572 
431620 -0.47 0.650 0.0479 0.0229 0.562 0.0482 0.0234 0.574 
431622 -0.47 0.621 0.0479 0.0227 0.558 0.0482 0.0232 0.570 
431717 -0.47 0.719 0.0484 0.0229 0.562 0.0489 0.0237 0.581 
431720 -0.47 0.662 0.0483 0.0230 0.565 0.0486 0.0235 0.577 
431725 -0.47 0.658 0.0476 0.0225 0.553 0.0479 0.0232 0.569 
431727 -0.47 0.646 0.0474 0.0224 0.550 0.0477 0.0226 0.556 
431731 -0.47 0.696 0.0483 0.0227 0.558 0.0485 0.0233 0.571 
431732 -0.47 0.693 0.0479 0.0226 0.555 0.0482 0.0233 0.572 
431733 -0.47 0.695 0.0478 0.0226 0.554 0.0480 0.0230 0.564 
431736 -0.47 0.660 0.0475 0.0223 0.549 0.0481 0.0230 0.564 
431738 -0.47 0.657 0.0475 0.0225 0.552 0.0479 0.0230 0.564 
431739 -0.47 0.653 0.0475 0.0226 0.554 0.0477 0.0229 0.563 
431744 -0.47 0.701 0.0479 0.0227 0.558 0.0484 0.0233 0.571 
431745 -0.47 0.654 0.0480 0.0229 0.561 0.0482 0.0232 0.570 
431746 -0.47 0.649 0.0477 0.0226 0.556 0.0483 0.0232 0.568 
431831 -0.47 0.680 0.0474 0.0223 0.548 0.0481 0.0231 0.567 
431832 -0.46 0.657 0.0473 0.0223 0.547 0.0478 0.0229 0.561 
431833 -0.47 0.654 0.0470 0.0224 0.550 0.0476 0.0229 0.562 
431834 -0.47 0.681 0.0472 0.0222 0.546 0.0475 0.0228 0.559 
431835 -0.47 0.652 0.0472 0.0223 0.548 0.0477 0.0227 0.558 
431836 -0.47 0.618 0.0472 0.0220 0.542 0.0475 0.0227 0.556 
431837 -0.47 0.696 0.0471 0.0221 0.544 0.0476 0.0228 0.559 
431839 -0.47 0.608 0.0470 0.0222 0.546 0.0473 0.0226 0.554 
431840 -0.47 0.609 0.0470 0.0222 0.546 0.0475 0.0226 0.554 
431844 -0.47 0.686 0.0481 0.0225 0.552 0.0481 0.0232 0.570 
431845 -0.47 0.667 0.0476 0.0225 0.552 0.0479 0.0231 0.567 
431846 -0.47 0.681 0.0477 0.0225 0.553 0.0480 0.0230 0.564 
431854 -0.47 0.649 0.0479 0.0228 0.559 0.0482 0.0233 0.571 
431859 -0.47 0.731 0.0480 0.0230 0.563 0.0484 0.0233 0.572 
431860 -0.47 0.615 0.0477 0.0226 0.556 0.0486 0.0238 0.582 
431886 -0.47 0.683 0.0488 0.0231 0.567 0.0493 0.0237 0.581 
431888 -0.46 0.667 0.0481 0.0230 0.565 0.0483 0.0235 0.576 
431889 -0.47 0.650 0.0477 0.0225 0.552 0.0479 0.0233 0.571 
431891 -0.46 0.662 0.0475 0.0224 0.551 0.0476 0.0231 0.566 
431892 -0.46 0.616 0.0475 0.0224 0.550 0.0474 0.0228 0.559 
431893 -0.47 0.617 0.0474 0.0224 0.549 0.0476 0.0230 0.563 
431894 -0.47 0.621 0.0473 0.0223 0.547 0.0477 0.0231 0.566 
431932 -0.47 0.666 0.0480 0.0226 0.554 0.0480 0.0232 0.568 
431937 -0.46 0.695 0.0478 0.0225 0.553 0.0477 0.0231 0.567 
431938 -0.49 0.680 0.0483 0.0226 0.555 0.0479 0.0234 0.573 
431939 -0.72 0.698 0.0525 0.0227 0.563 0.0503 0.0248 0.607 
431940 -0.47 0.613 0.0482 0.0230 0.564 0.0484 0.0232 0.569 
431941 -0.47 0.620 0.0481 0.0229 0.562 0.0485 0.0234 0.573 
431942 -0.47 0.612 0.0481 0.0229 0.563 0.0485 0.0233 0.572 
431943 -0.47 0.618 0.0480 0.0228 0.561 0.0484 0.0234 0.574 
431948 -0.47 0.685 0.0488 0.0233 0.571 0.0491 0.0236 0.579 
431951 -0.47 0.661 0.0485 0.0233 0.571 0.0488 0.0237 0.582 
431960 -0.47 0.652 0.0483 0.0229 0.562 0.0486 0.0235 0.576 
431963 -0.47 0.652 0.0482 0.0230 0.565 0.0486 0.0235 0.576 
431997 -0.47 0.665 0.0485 0.0233 0.572 0.0487 0.0237 0.581 
432001 -0.47 0.661 0.0487 0.0234 0.573 0.0489 0.0237 0.581 
432007 -0.47 0.668 0.0486 0.0234 0.573 0.0487 0.0236 0.579 
432008 -0.47 0.706 0.0486 0.0233 0.572 0.0487 0.0236 0.578 
