0.179727 0.0972505 -0.00210573 0.0176193
0.169221 0.0943637 -0.00222347 0.0170753
0.163693 0.0928122 -0.00231001 0.0167486
0.158414 0.0913021 -0.00235125 0.0164418
0.152132 0.0894691 -0.00222081 0.0161313
0.149243 0.0886184 -0.0020742 0.0158339
0.146897 0.0879188 -0.00222358 0.0158386
0.141707 0.0863502 -0.00200956 0.0154758
0.13969 0.0857216 -0.00173242 0.0153545
0.135828 0.0845408 -0.00224691 0.015246
0.133288 0.0837439 -0.00255122 0.0151565
0.137397 0.0850305 -0.00175805 0.0152889
0.128747 0.0823078 -0.00188106 0.0149476
0.132914 0.0836282 -0.00154276 0.0146697
0.127301 0.0818442 -0.00140813 0.0143224
0.125202 0.0811685 -0.00171753 0.0146449
0.135697 0.0845096 -0.000794465 0.0151464
0.141171 0.0861983 0.000152568 0.0154511
0.131026 0.0830363 -0.0021526 0.0147926
0.134855 0.0842455 -0.000555547 0.0154246
0.144464 0.0871737 -0.0041163 0.015475
0.13739 0.0850319 -0.000609798 0.0152645
0.13735 0.0850046 -0.00294875 0.015665
0.158889 0.0914514 0.000302416 0.0166374
0.134567 0.0841539 9.87109e-06 0.0147146
0.154139 0.0900613 -0.00253233 0.0158648
0.157018 0.0908979 -0.00211386 0.0165995
0.137318 0.0850041 -0.00188402 0.0156984
0.154929 0.0902993 -0.000944608 0.0163299
0.149114 0.0885767 -0.00281883 0.0160301
0.149743 0.0887732 -0.000584604 0.0156932
0.141452 0.086284 0.000191011 0.0155906
0.136975 0.0849079 -0.00316742 0.0158791
0.13143 0.0831552 -0.00341795 0.0145656
0.137212 0.0849556 -0.00380637 0.0157246
0.167014 0.0937598 -0.00155322 0.0166253
0.136227 0.0846678 -0.00142778 0.0147834
0.130865 0.0829892 -0.00076115 0.0147623
0.143578 0.0869263 -0.00152011 0.015659
0.146225 0.0877005 -0.00476401 0.0168244
0.132569 0.0835169 -0.00237164 0.0143088
0.137907 0.0852024 3.10988e-05 0.0156855
0.146478 0.0877982 -0.00128394 0.016707
0.152189 0.0894959 -0.000882127 0.0165598
0.132956 0.0836305 -0.00428535 0.0155965
0.1355 0.0844482 -0.000869494 0.0150789
0.14268 0.0866423 -0.00251131 0.0148422
0.134373 0.0841135 0.00092268 0.0155225
0.119413 0.0792696 -0.000577815 0.014079
0.134306 0.0840646 -0.00206118 0.0155773
0.126666 0.0816463 -0.000500239 0.0149868
0.131052 0.0830159 -0.00501887 0.0153321
0.14453 0.0872002 -0.0022074 0.0155624
0.137073 0.0849299 0.00152521 0.014634
0.135447 0.084412 -0.00363776 0.0156132
0.125037 0.0811081 -0.00254428 0.0145894
0.138671 0.0854315 -0.00114931 0.0155337
0.134867 0.0842445 -0.00151886 0.0151162
0.134218 0.0840573 0.00244349 0.0152191
0.117164 0.0785222 -0.00036945 0.0135575

0.122242 0.0801929 -0.00232258 0.0144881
0.114242 0.0775278 -0.00226058 0.0140039
0.108888 0.0756886 -0.00198701 0.0136911
0.103247 0.0737035 -0.00213132 0.0132939
0.101753 0.0731623 -0.00186451 0.0131789
0.0970084 0.0714404 -0.0018098 0.0128361
0.093765 0.0702379 -0.00203519 0.0126126
0.0914271 0.0693561 -0.00167488 0.012509
0.0890861 0.0684627 -0.00170972 0.0121741
0.0886183 0.0682826 -0.00139387 0.0122033
0.0859403 0.0672464 -0.00142586 0.0120351
0.0832214 0.0661701 -0.00180259 0.0117448
0.0829168 0.0660628 -0.00104154 0.0117514
0.0787043 0.0643514 -0.000914655 0.0115994
0.0896815 0.0687108 -0.000775398 0.0121403
0.0775804 0.0638976 0.000289984 0.0112162
0.0882863 0.0681352 -0.00192365 0.0125164
0.0844787 0.0666725 -0.000998781 0.0123867
0.0833082 0.0662053 -0.00146696 0.0121218
0.0942075 0.0704168 9.41249e-05 0.0128397
0.0678109 0.0597348 -0.000827019 0.0111849
0.0859364 0.067262 0.000728773 0.0118201
0.0871107 0.0676837 -0.00280491 0.0113281
0.104095 0.0740242 -0.000147284 0.0129369
0.0917432 0.0694573 -0.00277502 0.0125001
0.0800285 0.0649033 0.000722296 0.0123193
0.0832823 0.0662088 -0.000675022 0.01176
0.0957674 0.0709772 -0.00212603 0.0127238
0.0918723 0.0695386 0.000366933 0.0138284
0.0895844 0.0686076 -0.00518269 0.012981
0.0864165 0.0674407 0.000260756 0.0121281
0.103148 0.0736719 -0.00193714 0.0136797
0.0859858 0.0672574 -0.000976038 0.0129004
0.0865426 0.0674646 -0.00293563 0.012271
0.0791908 0.064559 0.000960481 0.0109667
0.102774 0.0735497 -3.7761e-05 0.0130376
0.0981374 0.0718647 -0.000592822 0.0131962
0.0879973 0.0680194 -0.00306329 0.0121587
0.0895548 0.0686506 -0.000946532 0.0131816
0.0820519 0.0657065 -0.00128266 0.0119129
0.0914787 0.0693638 -0.00221504 0.0120678
0.0884907 0.0682327 -0.00171825 0.0126587
0.0797972 0.064811 0.000908367 0.0116959
0.0839822 0.0664584 -0.00291048 0.0120693
0.0888069 0.0683728 -0.000260864 0.0123217
0.0930059 0.0699411 -0.00303711 0.0131683
0.0680284 0.059832 -0.000693318 0.0100962
0.0822608 0.065789 -0.00162428 0.0120681
0.0795465 0.0646939 -0.00188092 0.0131821
0.067593 0.0596351 -0.002057 0.0115789
0.0868884 0.0676393 -0.000660364 0.0122943
0.0703321 0.060832 -0.00110239 0.0102641
0.0555593 0.054069 -0.000777649 0.0107435
0.0850979 0.0669129 -0.001798 0.0128522
0.0898689 0.0687674 -0.00103293 0.0129547
0.0920564 0.0696064 -0.000148421 0.0127023
0.0865127 0.0674725 -0.00178847 0.0118059
0.0708171 0.0610252 -0.00226401 0.0100825
0.0788045 0.0644165 -4.37488e-05 0.0121201
0.082193 0.0657429 -0.00324534 0.0128867

0.0721196 0.0615975 -0.00148064 0.0111527
0.0679596 0.059791 -0.00131146 0.0107616
0.0641123 0.0580776 -0.00128643 0.0104497
0.0626405 0.0574082 -0.00119741 0.0102629
0.0593822 0.0558939 -0.00125528 0.00999109
0.0579582 0.0552186 -0.00120824 0.00976379
0.0548833 0.0537321 -0.000928604 0.00957313
0.0549684 0.053776 -0.00107164 0.00952554
0.055707 0.0541305 -0.000957387 0.00966798
0.05089 0.0517465 -0.00131503 0.00930077
0.0540656 0.0533349 -0.000844369 0.00990803
0.0496 0.0510858 -0.00104021 0.00928722
0.0495449 0.0510496 -0.00118779 0.00931974
0.0514626 0.0520196 -0.00167826 0.00934101
0.0516155 0.0521075 -0.0013427 0.00936877
0.0493779 0.0509638 -0.000804323 0.00826431
0.053287 0.0529568 -0.000375192 0.00938488
0.0569442 0.0547446 -0.000126164 0.0103314
0.0594274 0.0559356 0.00160711 0.0096833
0.0493673 0.0509647 -0.000845336 0.00914819
0.054221 0.0534211 0.00021847 0.00927285
0.060005 0.0561764 -0.00186164 0.0101132
0.0566846 0.0546354 0.000859001 0.00935633
0.0574283 0.0549618 -0.00144248 0.00889313
0.0634956 0.0578184 0.000164837 0.00968747
0.0515235 0.0520467 -0.00176956 0.00888314
0.061486 0.0569104 0.000729399 0.0105438
0.0495258 0.0510564 0.000110374 0.00849835
0.0628487 0.0575185 6.81441e-05 0.0103509
0.0504333 0.051511 -0.00104718 0.0105037
0.0562281 0.0543728 -0.00190326 0.0101932
0.0353322 0.0431029 -0.000925362 0.00758358
0.0622194 0.0572007 -0.00209307 0.0100672
0.0552305 0.0539018 -0.000369597 0.010036
0.0552464 0.0539374 0.00256351 0.00961017
0.0599406 0.0561907 -7.32388e-05 0.0112186
0.0519928 0.0522748 -0.00191551 0.00829909
0.0500852 0.0513178 -0.00168146 0.00934289
0.0465857 0.0495072 -0.0018779 0.010058
0.0401339 0.0459488 0.0020861 0.00848881
0.0541423 0.0533526 -0.00206479 0.00877854
0.0472352 0.0498542 -0.000279505 0.00793185
0.0408819 0.0464032 0.00113928 0.0084468
0.049784 0.0511616 -0.00146994 0.00872461
0.028009 6.43266e-06 -0.00560185 1.28693e-06
0.0424569 4.4397e-06 -0.00471744 4.93301e-07
0.050413 0.0516185 -0.00453947 0.0071613
0.0516547 0.0521245 0.00221748 0.0090366
0.0416778 0.0466802 -0.0034173 0.00861332
0.0514947 0.0520374 -0.00136582 0.00975698
0.0317744 0.0408955 0.000362576 0.00632958
0.0570407 0.0548009 -0.00135394 0.0100321
0.0550578 0.0537665 -0.00285788 0.00891093
0.0396129 5.17924e-06 -0.00440618 1.60502e-06
0.046556 0.0495015 0.000962925 0.0095433
0.0574407 0.0549826 -0.000806928 0.00933915
0.0392503 0.0454519 0.000105057 0.00743509
0.0549938 0.0538113 0.00247458 0.0103723
0.0347473 3.63058e-06 -0.00386257 7.72378e-07
0.038115 0.044796 0.00122499 0.00808888

0.0474688 0.0499748 -0.000821987 0.00907772
0.0448745 0.048588 -0.000703307 0.00878249
0.042074 0.0470463 -0.000662312 0.00848409
0.0417702 0.0468842 -0.000681966 0.00839129
0.0395652 0.0456252 -0.000701398 0.00817221
0.0392269 0.0454238 -0.000668409 0.00812674
0.0373774 0.0443431 -0.000939327 0.00795996
0.0360272 0.0435332 -0.000987475 0.00772159
0.0356768 0.0433192 -0.000788642 0.00781711
0.0356899 0.0433341 -0.000540371 0.00790176
0.0336864 0.0420999 -0.000673163 0.00765569
0.0332263 0.0418047 -0.000757323 0.00754987
0.0389209 0.0452577 -3.52482e-05 0.00807542
0.0371635 0.0442216 -0.000549929 0.00800862
0.0341484 0.042387 -0.000621788 0.00737449
0.0295853 0.039432 -0.00143093 0.00825139
0.0300332 0.0396721 -0.00195293 0.00631576
0.0298431 0.0396227 -0.000495533 0.00624475
0.0361123 0.0436103 -0.000405084 0.00787323
0.0326467 3.57068e-06 -0.00408108 7.07367e-07
0.0438872 0.0480332 -0.000199418 0.00840342
0.0380386 0.0447307 -0.000536864 0.0086952
0.0345541 0.0426131 -0.00162961 0.0077921
0.0365052 0.0437541 -0.00244041 0.00748311
0.0417805 0.0469158 -0.000422946 0.00782095
0.0401716 0.0458964 -0.0034162 0.0101055
0.0348327 0.0427725 -0.00256851 0.00821585
0.042046 0.0470086 -0.00129066 0.00841324
0.0379464 0.0205151 -0.00422009 0.00252188
0.0328979 0.041609 -0.00010058 0.00621068
0.0340658 0.0422927 -0.00167038 0.00616741
0.0269052 0.00936966 -0.0044842 0.00205365
0.0269052 9.87908e-08 -0.0044842 1.64674e-08
0.0410905 0.0463829 -0.00300769 0.00833883
0.0275793 0.0380858 -0.000796537 0.00671333
0.027836 1.09152e-06 -0.00397697 1.43881e-07
0.0306447 0.0401449 -0.000905723 0.00823851
0.0359365 2.30874e-05 -0.0051507 3.86193e-06
0.0254348 1.09375e-06 -0.00508963 2.39893e-06
0.0231627 0.0349349 0.001543 0.00507922
0.0342241 7.13095e-07 -0.00427852 1.42356e-06
0.032715 0.0414982 0.000739257 0.00660468
0.0406489 0.0462607 0.00062747 0.00838264
0.0382202 5.76275e-06 -0.00478224 2.11687e-06
0.0306941 6.88983e-06 -0.00341046 7.65572e-07
0.0215015 0.033632 -0.000402815 0.00491062
0.0297902 1.68412e-05 -0.0049829 6.82575e-07
0.018125 0.0073051 -0.00453126 0.0024305
0.0377882 0.0443531 -7.36511e-05 0.00768996
0.0301973 1.19681e-05 -0.00503302 2.6635e-06
0.0318106 7.88273e-06 -0.00454439 1.41543e-06
0.0362796 0.0436834 -0.0010372 0.00872093
0.0317497 0.040887 -0.00146675 0.0209692
0.0311059 0.707107 -0.00622939 0.707111
0.0367047 0.0498701 -0.000628186 0.00770178
0.0220907 0.0340253 -0.00138091 0.00456822
0.0224061 5.64865e-06 -0.00320094 9.73912e-07
0.0267775 0.0375057 -0.00119919 0.00512632
0.0448002 0.048562 0.000443118 0.00858731
0.0543702 0.0534932 -0.000546239 0.00895831

