0.180254 0.0973923 -0.00226737 0.0176331
0.17002 0.0945854 -0.00228073 0.0170936
0.163164 0.0926577 -0.0022777 0.0167188
0.157783 0.0911172 -0.00221761 0.0164539
0.153212 0.0897902 -0.00229361 0.01613
0.149921 0.0888189 -0.00213963 0.01601
0.146169 0.0877 -0.00224548 0.015785
0.142413 0.0865684 -0.00195274 0.0156135
0.139582 0.0857021 -0.00190458 0.0154094
0.134488 0.0841225 -0.00243152 0.0152619
0.136842 0.0848601 -0.00159936 0.0152349
0.134796 0.0842124 -0.00127428 0.0151651
0.131371 0.0831366 -0.00251396 0.0149147
0.133095 0.0836904 -0.00159006 0.0150628
0.128631 0.0822658 -0.0024858 0.01481
0.12525 0.0811786 -0.002391 0.0148435
0.127415 0.0818785 -0.00226147 0.0143722
0.135656 0.0844942 -0.00069569 0.0155898
0.125333 0.0812089 -0.00170162 0.0153579
0.136515 0.0847656 -0.00145627 0.0153213
0.135372 0.0843931 -0.00171267 0.0154212
0.139879 0.0857988 -0.000871569 0.0152781
0.138499 0.0853868 -0.000633863 0.0148134
0.132548 0.083514 -0.00220012 0.0152968
0.144386 0.0871753 -0.00132197 0.0158439
0.145526 0.0875073 -0.001329 0.0160983
0.135548 0.0844655 0.000497792 0.0153493
0.138513 0.0853581 -0.00308117 0.0152036
0.138945 0.0855107 -0.00113645 0.0159695
0.137928 0.0851973 -0.00092796 0.0148228
0.1462 0.0876811 -0.00462213 0.0158859
0.144459 0.0871802 -0.0029445 0.0156295
0.148878 0.0885188 -0.000281191 0.0153315
0.15412 0.0900581 -0.00138296 0.0166048
0.136592 0.0847683 -0.00141033 0.0155433
0.14212 0.0864703 -0.00362562 0.0158846
0.134691 0.0841925 -0.000761369 0.0152272
0.142083 0.0864618 -0.00236175 0.0152365
0.140139 0.0858665 -0.00301405 0.0156846
0.129502 0.0825403 -0.00283438 0.0152603
0.14806 0.088278 0.000279252 0.015582
0.142999 0.086751 -0.000928666 0.0152953
0.151564 0.0893112 -0.00111825 0.0156734
0.134712 0.084186 -0.00144322 0.0156993
0.135389 0.0844007 -0.00265862 0.0158558
0.148327 0.0883528 -0.000909283 0.0158813
0.138746 0.0854424 -0.00231795 0.0150653
0.12206 0.0801246 -0.00385468 0.014299
0.140264 0.0859103 -0.00127729 0.0157655
0.133037 0.0836114 -0.00747943 0.0154265
0.130071 0.0827407 -0.00131787 0.0149869
0.126116 0.0814538 -0.00279574 0.0151211
0.129741 0.0826351 -6.58483e-05 0.0146681
0.123489 0.0806004 -0.00291786 0.0139798
0.120792 0.0797046 -0.00342068 0.0149716
0.130508 0.0828494 -0.0023948 0.0150378
0.140181 0.0858927 -0.0017602 0.0159254
0.118733 0.079027 -0.00232706 0.0141092
0.104054 0.0739693 -0.00377611 0.0124723
0.128157 0.0821272 -0.00319858 0.0151226

0.121683 0.0800121 -0.00225488 0.0144932
0.113721 0.0773448 -0.00210867 0.0139525
0.108879 0.0756869 -0.00213534 0.0136356
0.1042 0.0740413 -0.00210635 0.013325
0.100963 0.072883 -0.00203205 0.0130948
0.098074 0.0718351 -0.00183098 0.0129135
0.0955619 0.0709076 -0.00204364 0.012735
0.0906475 0.0690562 -0.00179411 0.0123893
0.0895107 0.0686248 -0.0019779 0.0122461
0.0894713 0.0686163 -0.00194276 0.0122963
0.0852843 0.0669824 -0.00189857 0.0120192
0.0800748 0.0649063 -0.00234594 0.0117462
0.0807317 0.0651798 -0.00147214 0.0118743
0.0841939 0.0665588 -0.00135176 0.0122154
0.0861931 0.0673441 -0.00133292 0.0118331
0.0784107 0.0642393 -0.000221458 0.0111884
0.0753279 0.0629372 -0.00277011 0.0115505
0.0821611 0.0657617 -0.000684439 0.0116609
0.0884998 0.0682468 0.000763323 0.011881
0.096747 0.0713665 0.00118671 0.0124403
0.0987487 0.0720875 -0.000892469 0.0125716
0.0936323 0.0701771 -0.00250696 0.0126402
0.101283 0.0730021 -0.00126158 0.0130819
0.0922065 0.06965 -0.00122992 0.0119264
0.0926238 0.0698255 7.75024e-05 0.0127864
0.0988035 0.0721104 -0.00045349 0.0129709
0.0916363 0.0694399 -0.00102289 0.0123372
0.0908422 0.0691351 -0.00168148 0.0115689
0.100372 0.0726841 2.81548e-05 0.0128307
0.0986557 0.0720204 -0.00399116 0.012806
0.0947615 0.0706025 -0.00251467 0.0124995
0.089683 0.0686903 -0.00146042 0.012003
0.0749455 0.0628029 0.000146741 0.0120391
0.0827208 0.0659514 -0.00275176 0.0112929
0.0944375 0.0704991 -0.00134753 0.0127619
0.08079 0.0651774 -0.00294821 0.0113864
0.0805607 0.0650979 -0.00221186 0.0122842
0.0853428 0.0670125 -0.00079964 0.0112897
0.0682638 0.0598414 -0.00459134 0.0104451
0.0922862 0.0696874 -0.000238359 0.0119393
0.0843811 0.0666119 -0.0030364 0.0119947
0.101265 0.0729916 0.00205743 0.0133534
0.0845736 0.0667052 -0.00179222 0.0123783
0.0745636 0.0626505 0.00102352 0.0109558
0.083609 0.066344 0.000610456 0.0111629
0.0706963 0.0609857 -0.00161603 0.0119123
0.0752034 0.0628871 -0.00209711 0.0113325
0.0909041 0.0691805 0.000383382 0.0128948
0.0849073 0.0668535 0.00098482 0.0123501
0.0992004 0.0722538 -0.00110813 0.012685
0.0866247 0.0674416 -0.00505351 0.0111343
0.0809242 0.0652725 -0.000506539 0.012377
0.0868012 0.0675904 9.02101e-06 0.0122937
0.0801466 0.064948 -1.74723e-06 0.0114516
0.0825944 0.0659054 -0.0030279 0.0124931
0.0802962 0.0650016 -0.00086479 0.011983
0.0852657 0.0670033 0.00301716 0.0125576
0.0873243 4.49322e-06 -0.00970936 1.70859e-06
0.094727 0.0705962 -0.00167864 0.0120429
0.0525243 4.38241e-06 -0.00656745 3.80853e-07

0.0725959 0.0617966 -0.00133159 0.0111603
0.0672564 0.059486 -0.00140061 0.0107325
0.0647837 0.0583797 -0.00130911 0.0105078
0.0611717 0.0567303 -0.00135887 0.0101528
0.0595753 0.0559844 -0.00126516 0.0100764
0.0580796 0.0552782 -0.00117005 0.00994864
0.0552601 0.0539173 -0.00105027 0.00963724
0.0547876 0.0536899 -0.000883125 0.00953871
0.0524516 0.052525 -0.00136549 0.0093769
0.0521466 0.0523687 -0.00132869 0.00953718
0.0482327 0.0503705 -0.00130766 0.00885608
0.0543375 0.0534736 -0.000512059 0.00955159
0.0489065 0.0507259 -0.000906843 0.00914807
0.0470736 0.0497666 -0.00089012 0.00875154
0.0433648 0.0477317 -0.00244271 0.00914175
0.0555023 0.0540432 -0.000517721 0.00978351
0.0485693 0.0505587 4.76772e-05 0.00914576
0.0460637 0.0492194 -0.00134637 0.00837285
0.0521279 0.0523883 -0.000252502 0.00890655
0.0599425 0.0561394 -0.00228481 0.0104799
0.059659 0.0560367 0.000269814 0.0101002
0.050883 0.0517239 -0.0020759 0.0100377
0.0590463 0.0557202 -0.00220016 0.0092765
0.0637236 0.0578782 -0.0025784 0.0107666
0.0446038 0.0484142 -0.00254076 0.00991652
0.0433027 0.0477241 -0.00106613 0.00800961
0.0633967 0.0577155 -0.00304011 0.0103234
0.0595373 0.0559786 0.000109675 0.0102926
0.0472172 0.0498078 -0.00250272 0.00974952
0.0615446 0.056902 -0.00126305 0.0100445
0.0562426 0.0544137 0.00158468 0.00883349
0.0558195 0.0542131 0.00165282 0.00901525
0.0486531 0.0505611 -0.00181121 0.0087737
0.0421227 8.222e-06 -0.00526536 1.22542e-06
0.0547925 0.0536983 0.000866966 0.0102935
0.0435121 0.0478428 -0.000953793 0.00799752
0.0400938 8.47555e-08 -0.00572775 1.53599e-06
0.0534793 0.053043 -0.000970739 0.00925021
0.0535777 0.0531085 0.000602155 0.0087146
0.0420237 0.0469932 -0.00224109 0.00913727
0.0608997 0.0566188 0.000473607 0.00942811
0.0628486 0.0574856 -0.00237335 0.010062
0.066379 0.0590824 -0.00244466 0.0100407
0.0360895 0.0435989 0.00202026 0.00706597
0.0516988 0.0521568 -0.00201372 0.0096706
0.060975 0.0566349 -0.00153277 0.00883135
0.0529992 0.0528057 -0.000988604 0.0102783
0.0568089 0.0546835 8.82566e-05 0.00927818
0.0528319 0.0527145 -0.00133385 0.00899727
0.0679793 0.0598328 0.00108754 0.0100984
0.0466183 0.0495018 -0.00185411 0.00807085
0.0458542 0.0490424 -0.00259612 0.00703476
0.0547262 2.20087e-05 -0.00685399 2.13944e-06
0.0544537 0.0188471 -0.00680679 0.00257501
0.054454 1.21466e-06 -0.00680675 1.51931e-07
0.0609236 0.0561224 -0.00164767 0.00953692
0.0530059 0.0528225 0.00202092 0.00833419
0.0475278 0.0497584 -0.00385324 0.00716713
0.046357 0.0493621 -0.00181626 0.00787309
0.0524982 0.052505 -0.00329317 0.00991112

0.0479526 0.0502369 -0.000830336 0.00911141
0.0445727 0.0484208 -0.000709867 0.00875947
0.0426756 0.0473847 -0.000801961 0.00850292
0.0410885 0.0464945 -0.000629439 0.00839249
0.0402326 0.0460055 -0.000847541 0.00829916
0.0405017 0.046162 -0.000706718 0.0082848
0.03643 0.043777 -0.000720908 0.00788074
0.0343977 0.0425393 -0.000782107 0.00760648
0.0348638 0.0428309 -0.000531366 0.0074355
0.0340725 0.0423364 -0.000736996 0.0074779
0.032494 0.0413442 -0.000874405 0.00716756
0.0335632 0.042027 -0.000519223 0.0078836
0.0333158 0.041847 -0.00156543 0.00830852
0.0338301 0.0422153 -0.000307433 0.00753283
0.0266127 0.0373778 -0.00148803 0.00622513
0.0368558 0.0440616 0.00122883 0.00701438
0.0345639 0.0426507 5.96816e-06 0.00727891
0.02993 0.0396556 -0.00127098 0.00661705
0.0287935 0.0388774 -0.00176462 0.00697982
0.0381191 0.0447594 -0.00152686 0.00722004
0.0263684 7.62231e-06 -0.00439474 1.73248e-06
0.029246 0.0392392 0.000858163 0.00776609
0.0378311 0.0446404 0.00032149 0.00774645
0.0165723 2.42962e-06 -0.00207156 3.49008e-07
0.0228365 0.0222825 -0.00285913 0.00320097
0.0319861 0.0410281 -0.000711407 0.00864928
0.104166 0.025601 -0.0141126 0.00407852
0.0376935 0.0445534 0.00190078 0.00763477
0.037629 0.0444522 -0.00158505 0.00656148
0.0294981 0.0393981 -0.000358158 0.00822659
0.0449647 0.048562 -0.00310183 0.00927685
0.0410245 0.0464618 0.000499527 0.00797302
0.0310717 0.0404302 -0.000579717 0.0064329
0.042807 0.0474824 0.00307348 0.00913872
0.0313385 0.0406074 -0.000632922 0.00896263
0.0212983 0.00528617 -0.00236647 0.000699612
0.0212983 0.00916718 -0.00236647 0.00121246
0.0352591 0.0430898 0.00156118 0.00728791
0.0250524 0.0362394 -0.00139981 0.00501502
0.0457843 0.049092 0.000418097 0.0089266
0.0430715 0.0476177 0.00119754 0.0081222
0.0290272 0.0390125 -0.0022545 0.00716478
0.0547545 0.0536975 0.00215557 0.00924875
0.023285 0.0350085 6.14943e-05 0.00568225
0.0291056 0.0390769 -0.00169974 0.0067426
0.0402172 0.0459115 -0.00298225 0.00782961
0.0298455 0.0396205 -0.000812799 0.00769457
0.0373797 0.0441964 -0.00280475 0.00661663
0.0325695 0.0414117 0.000616471 0.00638667
0.0277847 0.0382488 0.00064966 0.0061761
0.0305123 0.0400497 -0.00107482 0.0068125
0.0414581 0.0467186 0.000891475 0.00867346
0.0129248 5.80942e-07 -0.00430843 2.05429e-06
0.04531 0.0488445 0.00197918 0.00895467
0.0244308 3.03072e-06 -0.00407484 1.4095e-06
0.019931 0.0373592 -0.00402082 0.0111348
0.0331426 0.0417694 0.000433329 0.00704303
0.0265673 0.037416 0.000848955 0.00632083
0.0311979 0.0405011 -0.00111312 0.00703506
0.0425154 0.0473074 0.000778647 0.0087962

