0.180182 0.0973732 -0.0021958 0.0176394
0.169945 0.0945649 -0.00223263 0.0170493
0.164437 0.0930222 -0.0022348 0.0167469
0.158757 0.0914021 -0.00232502 0.0164954
0.153906 0.0899909 -0.00216824 0.0162079
0.150731 0.0890593 -0.00219963 0.0160782
0.147539 0.0881105 -0.00215607 0.0158538
0.144984 0.0873447 -0.00202568 0.0157376
0.141238 0.0862082 -0.0022096 0.015491
0.139296 0.0856124 -0.00215278 0.0153643
0.136302 0.0846891 -0.00174773 0.0152456
0.135367 0.0843996 -0.00156626 0.015087
0.130404 0.0828366 -0.0014242 0.0147764
0.13391 0.0839457 -0.00141628 0.0151496
0.130421 0.0828448 -0.00140173 0.0148965
0.131865 0.0833025 -0.00120489 0.0148144
0.134996 0.0842816 -0.00216589 0.0152513
0.141041 0.0861591 -0.000236158 0.0151691
0.134533 0.0841446 -0.000382369 0.0148298
0.143588 0.0869304 -0.000723183 0.0156094
0.14462 0.0872444 -0.000182281 0.0154726
0.146864 0.0879023 -0.000501603 0.0158507
0.15 0.0888551 0.000823291 0.0160556
0.142695 0.0866615 -8.44894e-05 0.0155925
0.142953 0.0867235 -0.00153126 0.0147842
0.159943 0.0917529 0.000668913 0.0165699
0.149203 0.0886156 -0.0022772 0.016504
0.158338 0.0912828 -0.00118183 0.0162209
0.14976 0.0887744 -0.00153222 0.0159745
0.148057 0.0882651 -0.00201547 0.015905
0.155107 0.0903339 -0.00294997 0.0166413
0.138554 0.0853591 -0.00528845 0.0155502
0.143393 0.0868709 -0.00175249 0.0153226
0.140656 0.0860186 -0.0022832 0.0160557
0.145301 0.0874479 -0.000918475 0.0165408
0.157771 0.0911205 -0.00167653 0.0166349
0.138455 0.0853413 -0.00178368 0.0150698
0.130991 0.0829961 -0.00400887 0.0145478
0.120951 0.079771 -0.0017335 0.014356
0.160022 0.0917742 -0.000919643 0.016501
0.143674 0.0869575 3.24066e-05 0.0150436
0.136984 0.0849132 0.00106415 0.015586
0.127141 0.0817899 -0.00395626 0.0147714
0.13323 0.0837226 -0.00342365 0.0142226
0.139887 0.0858101 0.000543444 0.015746
0.137563 0.0850819 -0.00153109 0.015198
0.12893 0.0823672 -0.00177691 0.0145109
0.140773 0.0860553 -0.00317821 0.0163079
0.135289 0.0843687 -0.00172596 0.0147656
0.137972 0.0852117 -0.000837705 0.0148879
0.136722 0.0848281 0.000243262 0.0151659
0.135201 0.0843391 -0.0029492 0.0161345
0.120551 0.0796603 0.00172237 0.0145295
0.141958 0.0864418 0.000967791 0.0155065
0.147022 0.0879687 0.000559405 0.0162074
0.133791 0.0838924 -0.0036629 0.01524
0.120146 0.0795153 -0.00109125 0.0147826
0.131292 0.0831207 -0.00177996 0.0153815
0.134691 0.0841993 -1.07784e-05 0.0152936
0.137167 0.0849573 -0.00142761 0.0154585

0.122794 0.0803794 -0.00230575 0.0145412
0.115008 0.0777818 -0.00212736 0.0140418
0.109463 0.0758897 -0.00218623 0.0136363
0.104662 0.0742053 -0.00216969 0.0133661
0.101783 0.0731798 -0.00198383 0.0131699
0.0964469 0.0712348 -0.00201867 0.0128134
0.0963416 0.0711902 -0.00220867 0.0128422
0.0932405 0.0700384 -0.00180178 0.0125762
0.091854 0.0695169 -0.00191131 0.0125142
0.0878767 0.067995 -0.00203386 0.0122735
0.0859336 0.0672377 -0.00202489 0.0121699
0.0840792 0.0665088 -0.0015962 0.0118487
0.0809593 0.0652642 -0.00198277 0.0119606
0.0774839 0.0638457 -0.00210368 0.011523
0.0830953 0.0661236 -0.0020105 0.0118602
0.0834841 0.0662846 -0.000883776 0.0122134
0.076839 0.0635832 -0.000791678 0.0110581
0.0712968 0.0612404 -0.00184411 0.0106638
0.0776527 0.0639176 -0.00208236 0.0120613
0.0869923 0.0676707 0.000567467 0.0125388
0.0966204 0.0713095 -0.000111218 0.0123665
0.0931095 0.0700007 -0.000452433 0.0132625
0.0815814 0.0655133 -0.00077185 0.0124809
0.099929 0.0725235 0.000195801 0.0127956
0.0931333 0.0700136 0.000427066 0.0124439
0.0887608 0.0683467 -0.000998094 0.0131169
0.095914 0.0710491 -0.000428262 0.0123227
0.0886492 0.0682854 -0.00224029 0.0126767
0.0852908 0.0669821 -0.00211098 0.0120628
0.0855482 0.067098 -0.000551665 0.0116251
0.0847429 0.0667359 -0.00353835 0.0123491
0.096567 0.0713099 0.000132929 0.0125728
0.0857149 0.0670963 -0.00484748 0.0116826
0.0866898 0.0675321 -0.00280261 0.0124181
0.0758098 0.0631285 -0.00376806 0.0125882
0.0963252 0.0711812 -0.0026473 0.0125382
0.0773161 0.0637652 -0.00265195 0.0115827
0.0933986 0.0701018 -0.00244338 0.0118101
0.0932911 0.0700373 -0.00389556 0.0131999
0.0917909 0.0695046 -1.61879e-05 0.0121657
0.0722189 0.0616527 0.000156782 0.0110768
0.0919928 0.0695733 -0.00125717 0.0125693
0.0887269 0.0683335 -0.000330768 0.0125726
0.0681585 0.0598725 -0.00295371 0.010186
0.0872091 0.0677414 -0.0011301 0.011837
0.0769371 0.0636121 -0.000891789 0.0114129
0.0929336 0.0699242 -0.00193254 0.0127901
0.0999119 0.0725176 -0.000135303 0.0129593
0.0785295 0.0642929 0.000548157 0.0105699
0.101689 0.0731463 -0.00150181 0.0131367
0.0892118 0.0685091 -0.00191445 0.0128414
0.0939596 0.070325 -0.000243655 0.0130669
0.076542 0.0634657 -0.000722413 0.0118526
0.0702087 0.060789 0.000203211 0.0108048
0.0601747 4.1041e-06 -0.00668794 1.37811e-06
0.0824952 0.065884 -0.00247192 0.0120891
0.0727034 0.0618506 -0.00144469 0.0108907
0.0865608 0.0674983 0.000444684 0.0125358
0.0843037 0.0666175 0.00126613 0.0118868
0.0737262 0.0622642 -0.0029662 0.0122526

0.0720397 0.0615622 -0.00134452 0.0111562
0.0679574 0.0597922 -0.00114604 0.0107092
0.0646407 0.058318 -0.00127981 0.0104652
0.0619023 0.0570674 -0.00129477 0.0102661
0.0598318 0.0561046 -0.00132652 0.0101397
0.0584821 0.0554696 -0.000924809 0.00995891
0.0560046 0.0542832 -0.00109041 0.00980641
0.0553433 0.053961 -0.000926839 0.00952228
0.0548518 0.0537053 -0.00105838 0.00968267
0.0522588 0.0524341 -0.00134339 0.0094833
0.052642 0.0526284 -0.000811769 0.00917645
0.0501327 0.0513682 0.000112255 0.00888063
0.0509359 0.0517424 -0.00196351 0.00932732
0.0482027 0.0503402 -0.00162907 0.00935701
0.0508396 0.0517246 -0.00107622 0.00934658
0.0434597 0.047798 -0.00178319 0.00861263
0.0465659 0.0495363 0.000103163 0.00866385
0.0598945 0.0561608 0.00113118 0.00977609
0.0564702 0.0545043 -0.00117085 0.00992988
0.0494195 0.0509658 -0.00223721 0.00925082
0.0584499 0.0555041 0.00181162 0.0110754
0.0659839 0.0589459 0.00315243 0.010536
0.0568169 0.0546847 0.000485802 0.0104995
0.0591205 0.0557667 -0.00104278 0.0102296
0.03636 0.043716 -0.00186665 0.00715422
0.0604751 0.0564084 -0.000857049 0.00957327
0.0592578 0.0558385 -0.000937749 0.00961801
0.0537596 0.0532001 0.00132291 0.00993504
0.0561655 0.0543804 0.00114625 0.00928637
0.0523281 0.0524712 -0.000150321 0.00982627
0.0551503 0.0538389 -0.00171614 0.00872694
0.0578091 0.055185 0.00176221 0.00971322
0.0610489 0.0566864 0.00071956 0.00946897
0.0567542 0.0546432 -0.00115573 0.00982799
0.0405782 0.0462284 0.00205508 0.00746704
0.0490499 0.0507958 -0.00162895 0.0118538
0.0436796 0.0479153 -0.00183903 0.00833097
0.0575966 0.0550856 0.000841106 0.00956334
0.0546346 0.0536293 0.000555557 0.00914817
0.0506168 0.0516135 0.00155832 0.00831797
0.0570319 0.0547857 -0.000641526 0.00971528
0.0574331 0.0549859 0.00148562 0.00951076
0.0392487 0.0454517 9.98961e-05 0.00813717
0.0531194 0.0528282 -0.00314305 0.0109057
0.0444749 0.0483812 -4.76673e-05 0.00813278
0.040467 0.0461499 -1.04007e-05 0.00837459
0.0532191 0.0529397 0.00264328 0.00890075
0.0370899 0.0441703 -0.000923732 0.00778275
0.0345817 7.97398e-06 -0.00576374 1.74286e-06
0.0499959 0.0512273 -0.00281579 0.00775712
0.0497564 0.0511404 -0.00211485 0.00852566
0.0417592 0.046865 -0.00120085 0.00848876
0.0460729 0.0492392 -0.000768851 0.00892791
0.0330386 0.041672 -0.00166358 0.00667271
0.0477302 0.0501226 -0.00256649 0.0129078
0.0492428 0.0505517 -0.0042111 0.00738957
0.0447426 0.0485228 -0.000360954 0.00866157
0.0598416 0.0561254 0.0011311 0.0098707
0.0506799 0.0516487 0.000319518 0.00904783
0.038415 0.0449695 0.000540085 0.00833621

0.0477631 0.0501341 -0.000880386 0.00903026
0.0447188 0.0485006 -0.000799493 0.00871902
0.0435424 0.0478632 -0.000698744 0.00861257
0.0418557 0.046928 -0.000608785 0.00841491
0.0403036 0.0460496 -0.000701163 0.00821707
0.0386946 0.0451195 -0.000837249 0.00805847
0.0369054 0.0440623 -0.000626504 0.00789022
0.036853 0.0440276 -0.000939439 0.00785535
0.0375683 0.0444593 -0.000712469 0.00815973
0.0361755 0.043626 -0.000639218 0.00784314
0.0330574 0.0417 -0.000575892 0.00735435
0.0353397 0.0431102 -0.000843727 0.00740506
0.0344909 0.0425976 -0.000523914 0.00783574
0.0317094 0.0408035 -0.00191882 0.00763412
0.0397933 0.04576 -0.000426976 0.00817358
0.0292451 0.0392086 -0.00109014 0.00658454
0.0307106 0.0401975 -0.000548625 0.0067308
0.0307507 0.0402402 -0.00050739 0.00654586
0.0363643 0.0437552 0.000882184 0.00842517
0.0277356 0.0382162 0.0011222 0.00632098
0.0327161 0.0414651 -0.00106313 0.00815944
0.0482178 0.0503963 4.5938e-05 0.00945227
0.0494031 0.0509925 0.000737829 0.00883702
0.0469963 0.0496973 -0.0021382 0.00850851
0.0203557 0.0327358 0.000481176 0.00510668
0.0319743 0.0410285 0.00152048 0.00692776
0.0392538 3.81348e-06 -0.00490976 1.77844e-06
0.0392537 1.10444e-07 -0.00490678 6.96733e-10
0.0279668 0.00747345 -0.00349585 0.000934193
0.02964 2.25294e-06 -0.00329514 2.82895e-07
0.0336173 0.0420486 -0.000804039 0.00774721
0.0325101 0.0413565 -0.000501876 0.0075062
0.0362135 7.71789e-06 -0.00452669 1.34129e-06
0.0363233 0.0437209 -0.000204406 0.0081667
0.039571 0.0456443 0.00106795 0.00843189
0.0420627 0.0470523 -0.000161099 0.0076634
0.0389981 0.0453034 -8.56039e-05 0.00792575
0.0282795 8.90704e-06 -0.00353496 1.59478e-06
0.0156366 6.37194e-08 0.00261279 1.34205e-06
0.0386547 0.0153022 -0.00483189 0.00251441
0.0408648 0.0140418 -0.00454055 0.00192972
0.025442 0.0292986 -0.00272744 0.00331873
0.0199965 0.032448 0.000658499 0.00572379
0.0344712 0.0426007 0.000969188 0.0095054
0.0434967 1.03499e-05 -0.00483297 1.14999e-06
0.0310211 0.0403775 -0.000657035 0.00827848
0.0321533 0.0411164 -0.00143412 0.00990333
0.100814 7.58646e-07 -0.0144052 4.94391e-07
0.0311577 0.0405058 0.00152856 0.00591269
0.0170128 1.30229e-05 -0.00283662 4.76025e-07
0.0453277 0.0488487 0.000834936 0.0094735
0.0198182 9.97014e-06 -0.00396368 2.77058e-06
0.0238602 0.0354413 0.000326683 0.00563653
0.035694 0.0433069 -0.00132177 0.0070847
0.0265331 0.0373312 -0.00133578 0.00643236
0.0368929 5.56667e-06 -0.00462318 5.70197e-08
0.0409337 0.0464055 -0.00086107 0.00906755
0.0340347 0.0423018 -0.00204311 0.00853367
0.0429272 0.0475428 0.00183613 0.00866961
0.026634 0.0373711 -0.00189404 0.00675132

