0.179617 0.0972195 -0.00239114 0.0175938
0.169775 0.094513 -0.00237359 0.0171315
0.1635 0.0927532 -0.00225373 0.0167945
0.160322 0.0918484 -0.00244078 0.0165427
0.154553 0.0901792 -0.00219847 0.016264
0.150285 0.0889261 -0.00255512 0.0160028
0.148137 0.0882868 -0.00245261 0.0158826
0.144434 0.0871769 -0.00209542 0.0157379
0.14117 0.0861867 -0.00244591 0.0154898
0.137353 0.085012 -0.00255933 0.0153183
0.137074 0.0849293 -0.00205432 0.0149674
0.133649 0.0838625 -0.00151363 0.0150845
0.133136 0.0837051 -0.000685782 0.0148173
0.141502 0.0862974 -0.000462828 0.0151806
0.123146 0.0804865 -0.00353396 0.0150381
0.130902 0.0830098 0.000273159 0.0148313
0.125144 0.0811538 -0.000799274 0.0146859
0.131192 0.0830912 -0.00113367 0.0154945
0.139423 0.0856607 0.00106675 0.0149221
0.138512 0.0853699 -0.00237857 0.0150256
0.154666 0.0902219 -0.000813712 0.0160176
0.137274 0.0850036 0.00112514 0.0166336
0.165693 0.0934009 0.00259952 0.0165823
0.150721 0.089091 0.00371024 0.0154475
0.124109 0.0808227 0.000504344 0.0150713
0.148897 0.0885382 0.000106374 0.0144964
0.132399 1.41101e-05 -0.0147111 2.11238e-06
0.153936 0.0900051 0.00138261 0.0157874
0.132717 0.0835351 -0.00568063 0.0151737
0.147243 0.0880331 -0.0013296 0.0163411
0.101033 0.0729131 -0.00146919 0.0136445
0.154463 0.0901799 0.000282178 0.0163279
0.151267 0.0892275 -0.00366955 0.0155461
0.158661 0.0913841 0.000259605 0.0164993
0.141091 0.0861768 0.00439167 0.0154683
0.144351 0.0871461 -0.00182639 0.0160974
0.139262 0.0855801 -0.00378281 0.0139199
0.115096 0.0776249 -0.00848711 0.0122207
0.14517 0.0874092 -0.00298053 0.0165845
0.141648 0.0863038 -0.00495897 0.0136341
0.103441 0.0737653 -0.00282046 0.0130633
0.131185 0.0831118 0.00141 0.014312
0.119904 0.0793523 -0.00708111 0.0135379
0.13393 0.0839579 -0.000917203 0.0154384
0.134453 0.0841032 -0.00368438 0.0170914
0.116426 0.0782045 -0.0069542 0.0143283
0.10163 0.0731347 0.000167426 0.0118648
0.140443 0.0859536 -0.00430764 0.0159201
0.156716 0.0908097 -0.00166819 0.0158527
0.149858 0.0888095 -0.000152341 0.0160462
0.137593 0.0850955 -0.000427433 0.0159056
0.112531 0.0769045 -0.00825573 0.0180451
0.115594 0.0779544 -0.00724892 0.0183169
0.14867 0.0884723 0.00536756 0.0157381
0.115458 0.0779006 -0.00852652 0.017118
0.128133 0.0820929 -0.00532238 0.013822
0.136149 0.0846661 0.00173835 0.013703
0.105213 3.0489e-06 -0.0131517 4.80422e-07
0.147152 0.088027 0.00940506 0.0190973
0.116026 0.0781293 -8.08821e-05 0.013928

0.123878 0.0807261 -0.00212801 0.0147061
0.114455 0.0776005 -0.00212223 0.0140823
0.108733 0.0756339 -0.00190236 0.0136274
0.10606 0.074702 -0.00196841 0.013481
0.10241 0.073404 -0.00201364 0.0131919
0.0974624 0.0716079 -0.00205295 0.0130177
0.0958431 0.0710118 -0.00168252 0.0128595
0.093209 0.0700301 -0.00180995 0.0126335
0.0873495 0.0677933 -0.0020322 0.0120538
0.0846528 0.0667334 -0.00193425 0.0118626
0.0853478 0.0670049 -0.00216567 0.0121835
0.0842052 0.0665539 -0.00227466 0.0119843
0.0856297 0.0671326 0.000674107 0.0119325
0.0751654 0.0628879 -0.00137443 0.0113338
0.0737176 0.0622783 -0.00140428 0.0114513
0.0839227 0.0664522 -0.00194433 0.0116759
0.0893689 0.0685612 -0.00313752 0.0135288
0.0893605 0.0685687 -0.00164488 0.0120092
0.092648 0.0697999 -0.00388688 0.0139455
0.075599 0.0630697 -0.000840429 0.011831
0.0869013 0.0675629 -0.00501349 0.0122106
0.0835687 0.0663189 -6.17874e-05 0.0124849
0.0724206 0.0615566 -0.00546093 0.00972599
0.069844 1.12355e-05 -0.0116407 2.42724e-06
0.0831426 0.0661124 -0.00217601 0.012369
0.0683243 2.46099e-05 -0.00976351 4.28146e-06
0.0770855 1.9623e-05 -0.00963576 3.1441e-06
0.1006 0.0727818 0.00440455 0.0131299
0.0620084 1.29887e-05 -0.00886115 4.42564e-06
0.100751 0.0728219 0.00132211 0.0133464
0.0919751 0.0694347 -0.00614084 0.0107625
0.0872952 1.99781e-05 -0.0124708 2.85402e-06
0.0739135 0.0623456 -0.00228709 0.0117086
0.0695422 0.0605037 0.000542691 0.0111482
0.084908 0.0668473 -0.00149072 0.0127264
0.0786099 0.0642984 -0.00283883 0.0118409
0.0779814 1.09662e-05 -0.00866486 1.66991e-06
0.101778 0.0731684 -0.00590932 0.0174534
0.0694989 2.28775e-05 -0.00772412 8.83537e-07
0.094298 0.0704327 -0.00244761 0.0122913
0.0942951 2.29739e-05 -0.0236931 1.07124e-05
0.0994286 1.92655e-05 -0.0142042 3.49728e-06
0.0709642 0.016425 -0.0118274 0.00336399
0.0764706 8.21956e-05 -0.0109256 9.21413e-07
0.0803101 0.0649406 -0.00424842 0.0102045
0.0987154 0.0720712 -0.0021399 0.014049
0.0842453 0.0665542 -0.00317807 0.0112714
0.0862077 0.0672858 -0.00491118 0.0114749
0.0893864 0.0685993 0.00290215 0.0114907
0.0604367 0.0563327 -0.00359161 0.0101014
0.0625179 7.04505e-06 -0.00893186 1.88215e-05
0.0535843 0.0270266 -0.0089308 0.00447832
0.0623228 0.0572751 0.0018228 0.0144077
0.0954234 0.0129169 -0.0106026 0.00167437
0.0596684 6.03872e-06 0.00663232 1.07841e-06
0.0808804 0.0651732 -0.00596991 0.0137619
0.0827643 0.0659714 -0.00282219 0.0111274
0.0512738 0.0519095 -0.00210771 0.00845594
0.0834104 0.0527767 -0.0104555 0.00814535
0.0833445 0.0680846 0.0022221 0.011706

0.0729935 0.0619693 -0.00136299 0.0111958
0.0677873 0.0597186 -0.00132849 0.0107936
0.0647641 0.0583714 -0.00106205 0.0106288
0.0614491 0.056858 -0.00154048 0.01015
0.0586905 0.0555628 -0.00143165 0.0100937
0.0570999 0.0548008 -0.000839356 0.00985668
0.0559 0.0542274 -0.00128392 0.00979038
0.0535569 0.053082 -0.00112132 0.00972193
0.0532468 0.0529212 -0.00146713 0.00924569
0.0474864 0.0499666 -0.0018723 0.0091604
0.0489578 0.0507554 -0.00132611 0.00932928
0.0476648 0.0500637 -0.0015724 0.0086437
0.040598 0.0461836 -0.0024217 0.00884901
0.0435476 0.0478726 -0.00108203 0.00889884
0.0550792 0.0538286 -0.00128059 0.00913011
0.0475424 0.0500157 -0.000682682 0.00969013
0.0616331 0.0569607 0.000440543 0.0092087
0.0428982 0.0523201 -0.00313269 0.00975929
0.0351775 1.10656e-05 -0.00502843 2.40609e-06
0.0647032 0.0583472 -0.000911464 0.00890145
0.0521294 0.0523889 0.00196439 0.0126541
0.0503647 6.03429e-06 -0.00559662 8.07721e-07
0.0298031 0.0390079 -0.00254922 0.00426072
0.0676433 0.0596561 -0.001889 0.0122908
0.0700918 0.0607441 0.00157645 0.0124891
0.0509402 0.051789 0.00233602 0.00844595
0.0542575 2.34669e-05 -0.00775278 4.23667e-06
0.0450609 7.13099e-06 -0.00563859 6.72835e-07
0.0416054 0.0468083 0.0017745 0.00662748
0.0572091 1.69497e-05 0.00818553 3.9517e-06
0.0695497 0.0605046 0.00103032 0.0103177
0.0186407 0.0313205 -7.82381e-05 0.00797484
0.0555406 0.0539978 -0.00304307 0.00838861
0.0864422 0.0674898 0.00623007 0.0108565
0.0629695 0.0575834 0.00264757 0.00974192
0.0359108 0.0433146 -0.00248238 0.00551746
0.0396235 5.01072e-07 -0.00495392 2.88798e-07
0.0674025 0.0596442 0.00694379 0.00695385
0.0512948 0.0519684 0.00117038 0.00771064
0.059347 0.0558664 -0.00178984 0.0107267
0.0574069 0.0549998 0.00287547 0.0115437
0.0704303 0.707107 0.00782566 0.707107
0.0545284 0.0535019 -0.00327373 0.00888179
0.049406 0.0509776 -0.00143422 0.00925139
0.0371912 0.0442522 0.000521614 0.00735043
0.0626786 0.0574324 -0.000363611 0.00853191
0.0698134 1.9348e-05 -0.00872676 3.00953e-06
0.0252035 0.0133735 -0.00504178 0.00342749
0.0527219 1.1833e-06 -0.00659154 9.32871e-08
0.0583019 0.0553985 0.00122832 0.00987768
0.0259679 0.0369735 0.000257995 0.00646465
0.0568169 2.99166e-06 -0.0063171 8.68022e-07
0.0351187 0.042984 -0.00080096 0.00687046
0.0301658 0.0398414 -0.00130467 0.0102184
0.0307947 0.0402713 -0.000342601 0.00687459
0.0399054 0.0457898 -0.00245722 0.00877752
0.0343408 0.0425302 0.00191858 0.00608652
0.0412303 0.0465948 0.000955986 0.00683699
0.0471787 0.0498377 0.00304791 0.00982391
0.0324744 0.0413532 0.00175649 0.00899349

0.0474524 0.0499649 -0.000854364 0.00902989
0.0440274 0.048128 -0.000866611 0.00855059
0.0435854 0.0478872 -0.000713794 0.00867326
0.0413533 0.0466451 -0.000775306 0.00835413
0.0401995 0.0459885 -0.000850849 0.0083609
0.0383772 0.0449337 -0.000232848 0.00821182
0.0368283 0.0440184 -0.000697465 0.00815948
0.0391336 0.0453788 -0.000338832 0.00804325
0.0315036 0.040701 -0.000784334 0.00689903
0.0371715 0.0442291 -0.000369386 0.00828074
0.0340074 0.0423065 5.73713e-06 0.00733067
0.0351669 0.0430063 -0.000877195 0.00748154
0.0343926 0.0425394 -0.000336884 0.00744799
0.0282079 0.0385171 -0.000840409 0.00648263
0.0379614 0.0447055 -0.000471497 0.00729323
0.0287893 0.0104608 -0.00479822 0.00237008
0.0306806 0.0138006 -0.00439223 0.00225083
0.0252883 0.0364349 -0.0013267 0.00649467
0.0420997 0.0470795 0.00216721 0.00847289
0.0474317 0.0499594 -0.000424914 0.00865325
0.0267662 9.44696e-07 -0.00334606 2.65143e-08
0.0157359 1.70795e-05 -0.00396887 1.07445e-05
0.0557835 2.54246e-06 -0.00619885 2.5285e-07
0.0473473 0.0497886 -0.00348684 0.00831685
0.0459763 0.0491767 -0.00102635 0.00833723
0.0684913 0.0600508 -0.000677735 0.00951156
-0.0123016 0.000118473 -0.0122469 4.93625e-05
-0.0287083 0.131617 -0.010312 0.0277599
0.0148266 1.86475e-05 -0.00741544 8.98523e-06
0.0229747 8.85587e-06 -0.00765866 4.31542e-06
0.022822 0.029115 0.00456452 0.00884766
0.0228208 0.0263832 0.00456417 0.00804733
0.0215017 0.00220948 0.00496654 1.60814
0.0235189 0.00546312 0.00470387 0.00139674
0.0235187 0.101296 0.00470381 0.0259222
0.0235174 1.17847e-05 0.00470347 2.35698e-06
0.0235174 3.23736e-08 0.00470347 6.47473e-09
0.0274212 4.59006e-06 0.0039254 1.58411e-06
0.0389513 5.96469e-05 -0.00779138 1.64683e-05
0.0389502 0.0934267 -0.00779005 0.0258101
0.0371064 0.0148765 -0.00620306 0.00286716
0.0320692 0.041088 0.00102835 0.00712841
0.0410758 2.70888e-07 -0.00513452 2.73654e-08
0.0237764 0.00583016 -0.00297206 0.000728775
0.066837 0.0591597 0.00288717 0.0113079
0.0276851 0.0381805 0.000958322 0.0080474
0.0427149 1.78496e-05 -0.0061034 3.03042e-06
0.0341823 0.039045 -0.00500111 0.00677614
0.0344185 3.72294e-06 -0.00491992 6.76992e-07
0.0295168 0.0155936 -0.00491972 0.00259746
0.0337244 1.8371e-05 -0.00422369 2.22617e-06
0.0344124 2.40854e-05 -0.00430157 3.04118e-06
0.0529361 0.0527996 0.00293661 0.0109096
0.052408 0.707107 0.0074874 0.707107
0.0256349 0.0367126 -0.000272476 0.00578013
0.0193848 3.97754e-05 -0.00646514 7.25437e-07
0.0248155 0.0361593 0.00163484 0.00592636
0.0106511 0.0236736 -0.000108141 0.00375981
0.0520885 0.0523442 -0.0013891 0.00982001
0.027681 1.69765e-06 -0.00395445 2.91884e-07

