0.179941 0.0973072 -0.00235379 0.0176561
0.169421 0.0944136 -0.00227913 0.0171218
0.164163 0.0929423 -0.00243071 0.0166885
0.15796 0.0911671 -0.00228453 0.0163751
0.156014 0.0906058 -0.00222652 0.0163422
0.1501 0.0888707 -0.00225407 0.0160323
0.146761 0.0878791 -0.00178126 0.0158442
0.145493 0.0874993 -0.00184527 0.0158097
0.143976 0.0870413 -0.00179273 0.0155421
0.141144 0.0861798 -0.00213299 0.0154341
0.133486 0.0838084 -0.0029087 0.0151381
0.133471 0.0838117 -0.00133262 0.0151214
0.130147 0.0827525 -0.00235566 0.0148707
0.142194 0.08651 -0.000210041 0.0154365
0.139624 0.0857214 -0.000907456 0.0154442
0.145866 0.0876152 -0.00118174 0.0157734
0.149038 0.088565 -0.000506138 0.0161596
0.14076 0.0860652 -0.00101 0.0155942
0.145005 0.0873492 -0.00251765 0.0166838
0.146958 0.0879442 -0.00209905 0.0160633
0.147748 0.0881756 -0.00163728 0.0159158
0.148377 0.0883696 -0.000894614 0.0158939
0.156553 0.0907579 -0.00268746 0.0161702
0.148883 0.0885064 -0.00231026 0.0161323
0.136594 0.0847758 -0.00115878 0.0149625
0.137998 0.0852136 -0.00198626 0.0155486
0.142827 0.0866957 -0.00127035 0.0154177
0.14526 0.0874314 -0.00127662 0.0158146
0.13653 0.0847579 -0.00129402 0.0146656
0.125773 0.081352 -0.00187624 0.0147927
0.135969 0.0845771 -0.0026695 0.0151778
0.145058 0.087372 -0.00105845 0.0154299
0.14299 0.0867341 -0.0027917 0.0154001
0.147511 0.0881147 0.000499148 0.0157734
0.141576 0.086321 -0.0017731 0.0156378
0.134825 0.0842276 -0.00263094 0.0151246
0.128592 0.0822547 -0.0030414 0.0148336
0.12928 0.0824821 -0.00118559 0.0147539
0.149903 0.0888209 0.0004976 0.0157819
0.141046 0.0861546 -0.000875488 0.0158036
0.141341 0.0862197 -0.00381192 0.0153022
0.140612 0.0860168 -0.00208419 0.0150571
0.133866 0.0839276 -0.00214204 0.0152219
0.139326 0.0856296 -0.000618545 0.0152399
0.123957 0.0807573 -0.00234068 0.0140388
0.132306 0.0834342 -0.0026428 0.0148031
0.138371 0.0853336 -0.00107998 0.015693
0.133108 0.0836929 -0.00165151 0.0146888
0.128587 0.0822641 4.90923e-05 0.0143196
0.137055 0.0849141 -0.00302013 0.0153628
0.127565 0.0819152 -0.00253434 0.0153463
0.127874 0.0820174 -0.00311643 0.0148766
0.124625 0.0809988 0.000693335 0.0141823
0.12034 0.0795759 -0.00101111 0.0142407
0.12804 0.0820864 -0.00129096 0.0149434
0.122525 0.0802719 -0.00358251 0.0144622
0.127091 0.0817705 -0.00308769 0.0145323
0.127526 0.0819144 -0.00209834 0.0147728
0.127614 0.0819593 0.00113692 0.0153433
0.109833 0.0759991 -0.00480541 0.013993

0.123069 0.0804647 -0.00253115 0.0144846
0.115482 0.0779408 -0.00230454 0.0140158
0.109886 0.0760329 -0.0021207 0.0136238
0.105198 0.074395 -0.00206413 0.013364
0.100401 0.0726806 -0.00231753 0.0130967
0.0988421 0.0721106 -0.00220359 0.0129537
0.0943613 0.0704585 -0.00233975 0.0127096
0.0944838 0.0705019 -0.00224308 0.0126698
0.0919131 0.0695389 -0.00167474 0.0125946
0.0917486 0.0694844 -0.00125231 0.0127092
0.0906274 0.0690565 -0.000843636 0.0123625
0.0854963 0.0670684 -0.00172595 0.0121141
0.0910981 0.06924 -0.000599787 0.0121889
0.0810089 0.0652835 -0.0010054 0.0118328
0.0910543 0.0692335 -0.000905635 0.0124295
0.0987293 0.0720841 -0.000374883 0.0129135
0.0944361 0.0704763 -0.00304896 0.0126562
0.0883458 0.0681711 -0.00155051 0.0121913
0.088082 0.0680903 -0.000460321 0.0114791
0.0889509 0.0684259 0.000648929 0.0123356
0.0859164 0.0672109 -0.00332256 0.0116394
0.090956 0.0691718 -0.00141453 0.0121737
0.0890713 0.0684387 -0.00335384 0.0127889
0.095885 0.0710247 -0.00129969 0.0131489
0.090772 0.069118 -9.08716e-05 0.0125509
0.082495 0.0658626 -0.00286376 0.0114314
0.0915506 0.0693982 -0.00150822 0.0124422
0.0855101 0.0670753 -0.00103765 0.0120634
0.090464 0.0690036 0.000222089 0.0127019
0.0823545 0.0658259 -0.00125402 0.0118029
0.0884845 0.0682127 -0.00323662 0.0122422
0.0911773 0.0692503 -0.00295806 0.0122729
0.0671749 0.0594513 -0.00115717 0.0110762
0.0763575 0.0633912 -0.000334724 0.0111284
0.0810009 0.0652821 -0.00130538 0.0116
0.0779733 0.0640415 -0.00210725 0.0118719
0.0887038 0.0682791 -0.00324999 0.0122544
0.0904768 0.0690118 -0.000516389 0.0121706
0.0902941 0.0689095 -0.00262656 0.0124296
0.0773359 0.0637708 -0.00267402 0.010925
0.0784952 0.0642973 0.000403912 0.0112485
0.0896221 0.0686824 -0.000283007 0.011686
0.0783828 0.0642155 -0.00216316 0.0116867
0.0874276 0.0678396 -0.000473235 0.0123617
0.0796343 0.0647076 -0.00256026 0.0117522
0.0852123 0.0669543 -0.0016932 0.0121686
0.0822264 0.0657924 0.00122837 0.0118317
0.0847524 0.0667825 -0.00107509 0.0121076
0.0728085 0.0618973 -0.00077511 0.0107944
0.0785034 0.0642779 -0.000525415 0.011728
0.0793049 0.0645936 -0.0015319 0.0116951
0.0952094 0.0707773 -5.88987e-05 0.0125693
0.0769339 0.063618 -0.001952 0.0124671
0.0820765 0.0657344 -8.13134e-05 0.0120586
0.077918 0.0639854 -0.0041228 0.0114045
0.0782113 0.0641346 -0.00271229 0.0116114
0.0779373 0.0640196 -0.00287912 0.0120168
0.0733067 0.0621066 -0.000965541 0.0117594
0.0706343 0.0609433 -0.00316212 0.011504
0.0790731 0.0645169 0.00102135 0.0117676

0.0729122 0.061933 -0.00166919 0.0110722
0.0672298 0.0594623 -0.00137551 0.0107203
0.0644758 0.0582412 -0.00137966 0.0104671
0.0622646 0.0572345 -0.00125133 0.0101204
0.0591695 0.0557939 -0.00125592 0.0101618
0.0591757 0.0557965 -0.00115103 0.00979885
0.0546608 0.0536285 -0.00149273 0.00944568
0.0602743 0.0563185 -0.000554378 0.0100297
0.0549596 0.0537667 -0.00158692 0.00973586
0.0537814 0.0531996 -0.000413893 0.00922827
0.0544758 0.0535334 -0.00111736 0.00959317
0.0475387 0.0499633 -0.00265643 0.00887996
0.0499976 0.051305 -0.00106736 0.00931518
0.0521719 0.0523938 -0.000916008 0.00868859
0.0523694 0.0525092 0.000574101 0.00887956
0.0509596 0.0517778 -0.00107503 0.00961408
0.060925 0.056632 0.000459561 0.00970905
0.0670183 0.0593975 0.000406053 0.0111083
0.0524621 0.0525431 -0.000399717 0.00918854
0.0503907 0.0515016 0.000407704 0.00886513
0.0662682 0.0590599 9.81721e-05 0.0105079
0.0483678 0.0504561 0.000181013 0.00965657
0.0509302 0.0516982 -0.00278526 0.00816918
0.0540822 0.0533219 -0.00213164 0.00934457
0.0636293 0.0578916 -0.000203571 0.00959518
0.0581906 0.0552951 -0.00290922 0.0095032
0.0516843 0.0521358 -0.00155471 0.00913282
0.0637939 0.0579231 -0.000336417 0.0103158
0.0579608 0.0552324 0.000385059 0.0101385
0.0650343 0.0584785 -0.00125212 0.0111201
0.0466143 0.0495412 -6.92339e-05 0.00868003
0.0445364 0.0483725 -0.00205931 0.00787554
0.0508267 0.0516938 -0.00211514 0.00938503
0.0511119 0.0518651 -0.000130231 0.00864111
0.0537055 0.0531457 -0.00112388 0.00882584
0.0438689 0.0480408 -0.000870214 0.00884031
0.0504289 0.0515309 0.00191266 0.00888286
0.0493819 0.0509879 -0.00104632 0.00998455
0.0448054 0.0485505 -0.00108083 0.00854854
0.0522693 0.0524182 -0.00161438 0.00931898
0.0533134 0.0529498 -0.00176154 0.0097876
0.0602988 0.0563313 -0.000984845 0.0100513
0.0465821 0.0495237 0.00112173 0.00920834
0.0361033 0.0435715 -0.000252963 0.00719592
0.0509857 0.0518059 0.00055909 0.00916846
0.0460258 0.0492136 -0.00111039 0.00826335
0.0513202 0.0519276 -0.00226733 0.00957682
0.0625814 0.0573824 -0.00176306 0.00952177
0.0456735 0.0490285 -1.74534e-05 0.00832598
0.0412791 0.0465761 -0.00190803 0.0078842
0.0529708 0.0528024 0.000151094 0.00864223
0.0498473 0.0511942 -0.00171452 0.00883432
0.0543135 0.0534201 -0.00267198 0.00911614
0.0499618 0.0512575 -0.00152578 0.00867574
0.0568866 0.0547138 -0.000616451 0.00953029
0.0397464 0.0456922 -0.00213989 0.00823083
0.0509892 0.0517907 -0.000874908 0.0086981
0.0414993 6.58238e-06 -0.0059285 1.25364e-06
0.0313402 0.0405288 -0.00195722 0.00575733
0.0417029 0.0468587 0.000635781 0.00841717

0.0470127 0.0497225 -0.000603273 0.00895167
0.0443326 0.0482972 -0.000847438 0.00858958
0.0431939 0.0476622 -0.00104354 0.00853844
0.0417239 0.0468514 -0.000678674 0.00843241
0.0408477 0.0463555 -0.000822297 0.00831434
0.0404489 0.0461297 -0.000641955 0.00837803
0.03936 0.0455091 -0.000143469 0.00822953
0.0365552 0.0438552 -0.000864064 0.00795596
0.0340216 0.0423103 -0.000374038 0.00725486
0.0376367 0.0444972 -0.000729795 0.00801617
0.0397262 0.0457244 -0.000151987 0.00827902
0.030584 0.0400925 -0.00108498 0.00711074
0.0312566 0.0405414 -0.000951461 0.00811265
0.0357703 0.0433863 -0.000357185 0.00821979
0.0320376 0.0410638 9.35177e-05 0.00759827
0.0290906 0.0391241 -0.000174878 0.00648866
0.0328359 0.0415423 -0.00128249 0.00673782
0.021327 0.0334641 -0.00100953 0.00524158
0.0220515 0.0339934 -0.00156475 0.00589848
0.032413 0.0412936 -0.000557356 0.00788882
0.0405168 0.0461445 -0.00233323 0.00950994
0.0310027 0.0403782 -0.000970483 0.00713455
0.0350885 0.0429833 -0.000131919 0.00682199
0.0260497 0.037021 -0.00041798 0.00671435
0.0221427 1.45011e-06 -0.00246194 3.70668e-07
0.0323765 0.0264104 -0.0039472 0.00351083
0.0209001 0.0331671 9.46429e-05 0.0056266
0.0307548 0.0402751 0.0027438 0.00628435
0.0241453 0.0356375 -7.87567e-06 0.00639415
0.0177895 6.44363e-06 -0.0022249 1.2287e-06
0.0215296 0.0336517 0.000206034 0.00723801
0.0303163 0.0398974 -0.00208088 0.00813435
0.0264432 0.0373137 0.000229921 0.00737305
0.029481 1.08822e-05 -0.00589841 4.09848e-06
0.0311105 0.0404359 -0.00139856 0.0072353
0.0182472 7.97522e-07 -0.00365216 4.418e-08
0.0246221 4.72935e-06 -0.0027358 6.37035e-07
0.024622 9.23353e-08 -0.00273578 1.02741e-08
0.0236207 0.0333336 -0.00337469 0.00609812
0.0275394 0.0380045 -0.000875853 0.00807849
0.0201442 0.0325285 -0.000954342 0.00588413
0.0237206 0.0353248 -0.000408753 0.00657387
0.0191023 1.13011e-05 -0.00212977 4.01542e-07
0.0326639 0.0414656 -0.00104571 0.00815672
0.0374885 0.0444067 -0.000954042 0.00754261
0.0132078 0.707108 -0.00209479 0.707107
0.0233294 0.0350102 -0.001015 0.00578791
0.0214698 0.0336206 5.36317e-05 0.00619753
0.0280718 0.0382517 -0.00218197 0.00542943
0.0194004 0.0273601 -0.00202812 0.00300122
0.0177596 4.18148e-08 -0.0019733 8.96847e-07
0.0361848 0.0436493 0.00167737 0.00733637
0.0193494 5.89362e-06 -0.00322493 1.23881e-06
0.0202304 2.13267e-05 -0.00289042 3.90811e-06
0.0225446 0.0279536 -0.00282095 0.00421156
0.0193061 0.0318275 -0.00125582 0.00602688
0.0217226 7.83619e-06 -0.00543125 2.71886e-06
0.0207481 0.00985014 -0.00296402 0.00172653
0.0221752 0.0111961 -0.00277193 0.00181967
0.0235213 5.00111e-06 -0.00261353 6.75675e-07

