0.177725 0.0967136 -0.0023278 0.0175338
0.171875 0.0951101 -0.00295113 0.0170681
0.168638 0.0941956 -0.00236183 0.0172173
0.161081 0.0920707 -0.00231046 0.0166656
0.163159 0.0926658 -0.00210778 0.0166366
0.161803 0.0922782 -0.00154438 0.0166587
0.161873 0.0922992 -0.00245979 0.0167377
0.158729 0.0913951 -0.00146668 0.0166879
0.15827 0.0912664 -0.00227574 0.0163946
0.156679 0.0908043 -0.00169638 0.0163293
0.153573 0.0899028 -0.00130194 0.016312
0.154501 0.0901755 -0.000943723 0.0163673
0.15149 0.0892895 -0.00205353 0.0160125
0.154027 0.0900345 -0.00211137 0.0162094
0.149139 0.0885954 -0.000969055 0.0159372
0.147808 0.0882003 -0.00192649 0.0160216
0.149104 0.0885853 -0.00111226 0.0159651
0.150909 0.0891188 -0.00172993 0.0162523
0.149663 0.0887491 -0.00194855 0.0159355
0.150724 0.0890567 -0.0021854 0.0161399
0.148609 0.0884371 -0.00166403 0.0160079
0.146674 0.0878602 -0.00180155 0.0157336
0.148022 0.0882625 -0.0018063 0.0160482
0.141992 0.086444 -0.00176595 0.0155214
0.14366 0.0869406 -0.00155292 0.0158155
0.147735 0.0881784 -0.000447357 0.0159756
0.14471 0.0872701 -0.0018892 0.015636
0.144314 0.0871485 -0.0021982 0.0156522
0.14626 0.0877375 -0.00134076 0.0157731
0.144934 0.0873313 -0.00162123 0.0158391
0.142997 0.0867416 -0.00133348 0.015473
0.145178 0.0874108 -0.00138649 0.0159283
0.141509 0.0862998 -0.00131571 0.0155935
0.141223 0.0862113 -0.00157641 0.015691
0.142852 0.0867117 -0.00175942 0.0154408
0.137955 0.0852109 -0.00183091 0.0153963
0.140065 0.0858582 -0.000838865 0.01537
0.137441 0.0850516 -0.0012516 0.0151885
0.13819 0.0852866 -0.00117087 0.0153452
0.139515 0.0856873 -0.0022092 0.0155505
0.138274 0.085302 -0.00149537 0.0154084
0.136701 0.0848203 -0.00144565 0.0152886
0.136986 0.0849104 -0.00111946 0.015484
0.137434 0.0850478 -0.00142645 0.0154602
0.137336 0.0850062 -0.00153609 0.0153394
0.136508 0.0847594 -0.00207605 0.0153491
0.136884 0.0848769 -0.00173181 0.0155099
0.131109 0.0830679 -0.000921534 0.0151799
0.133481 0.0838143 -0.00129161 0.0150516
0.135032 0.0843026 -0.000943879 0.0153265
0.133737 0.0838964 -0.00145258 0.015015
0.133676 0.0838755 -0.00194548 0.0151424
0.13225 0.0834272 -0.00178793 0.0149813
0.136487 0.0847556 -0.000815774 0.0153906
0.137898 0.0851884 -0.00223032 0.0155415
0.137805 0.0851619 -0.00200993 0.0154294
0.144151 0.0871023 -0.000788902 0.0156645
0.136395 0.0847255 -0.00120933 0.0150842
0.138095 0.0852528 -0.000576264 0.0155317
0.139575 0.0857049 -0.00195694 0.0156525

0.118539 0.0789663 -0.00214924 0.0140921
0.116183 0.0781952 -0.00235325 0.0140565
0.111361 0.0765516 -0.001829 0.0137906
0.103736 0.0738892 -0.00199284 0.0134166
0.109449 0.0758982 -0.00181948 0.0138577
0.103244 0.0737148 -0.002063 0.0131721
0.104978 0.0743288 -0.00184099 0.0133854
0.10324 0.0737104 -0.00134211 0.0132481
0.101221 0.0729852 -0.00193321 0.0130377
0.101962 0.0732593 -0.00177103 0.0131801
0.100461 0.0727105 -0.00227589 0.0129058
0.101143 0.0729589 -0.00178023 0.0131221
0.0974365 0.0716107 -0.00204963 0.013035
0.0957824 0.0709973 -0.00164478 0.0128043
0.0983181 0.0719308 -0.00213957 0.0129123
0.0957342 0.0709792 -0.0017627 0.012778
0.0936613 0.0701956 -0.00139114 0.0125798
0.0912987 0.0693178 -0.00165331 0.0126729
0.0933743 0.0701011 -0.00144008 0.0127085
0.0911744 0.0692705 -0.00130062 0.0123871
0.0920092 0.0695856 -0.00263391 0.0123278
0.0925385 0.0697863 -0.00136073 0.0124911
0.0929661 0.0699504 -0.00126835 0.0123541
0.0955939 0.0709299 -0.00128572 0.0128019
0.094703 0.0705978 -0.00125169 0.0126951
0.0936916 0.0702084 -0.00148138 0.012608
0.0946082 0.070563 -0.00120669 0.0128459
0.0929987 0.0699581 -0.002248 0.0124672
0.0859109 0.067235 -0.00132025 0.0122584
0.0905381 0.0690303 -0.0014289 0.012258
0.0874767 0.0678516 -0.00181507 0.0122487
0.0880015 0.0680543 -0.0014162 0.0122842
0.0911675 0.0692658 -0.00223915 0.0123329
0.0900314 0.06883 -0.0014818 0.0123414
0.0898512 0.0687651 -0.00128855 0.0123856
0.0879805 0.0680464 -0.00144364 0.0122805
0.0854251 0.0670502 -0.00149657 0.0121668
0.0855264 0.067088 -0.00148982 0.0121694
0.0842789 0.0666057 -0.000256263 0.0121148
0.0867219 0.0675578 -0.000872348 0.0122654
0.0848494 0.0668115 -0.00123777 0.012215
0.0879621 0.0680399 -0.00116398 0.0123224
0.0841612 0.066553 -0.00133353 0.0117733
0.0869444 0.0676448 -0.00135581 0.0121673
0.085012 0.0668884 -0.00155383 0.0120829
0.0856686 0.0671418 -0.00235885 0.0121377
0.0831392 0.0661421 -0.00215791 0.0117832
0.0802162 0.0649671 -0.00124481 0.0116665
0.0811227 0.0653396 -0.00164038 0.0115817
0.0861043 0.0673167 -0.000805965 0.0118862
0.0842624 0.0665926 -0.00144683 0.0119306
0.0842858 0.0666045 -0.00114433 0.0118872
0.0852628 0.0669863 -0.00121104 0.0121356
0.0778564 0.0640159 -0.00195946 0.0118668
0.0814636 0.0654834 -0.000420846 0.011667
0.0780958 0.0641113 -0.00163543 0.011418
0.0817436 0.0655857 -0.00252317 0.0121655
0.0766361 0.0635073 -0.000734743 0.01138
0.0793148 0.064608 -0.00197666 0.0118898
0.0830289 0.0661061 -0.000516312 0.0121649

0.0737893 0.0623169 -0.00193742 0.0109854
0.0674406 0.0595596 -0.00159039 0.0107274
0.0664102 0.0591169 -0.00158418 0.0104467
0.0635911 0.0578386 -0.000749055 0.010359
0.0666905 0.0592405 -0.0011847 0.0104962
0.0618718 0.0570567 -0.000852921 0.0103121
0.059937 0.0561629 -0.00117713 0.0103407
0.0610178 0.0566502 -0.00102466 0.010498
0.0617076 0.0569885 -0.000655804 0.0104897
0.0620699 0.0571532 -0.00108615 0.0100556
0.0583396 0.0554046 -0.000947932 0.00989538
0.058833 0.055657 -0.000808664 0.0101103
0.0598909 0.0561436 -0.000248138 0.0101034
0.0572415 0.0548974 -0.00170984 0.00972702
0.0591523 0.0558001 -0.00108693 0.010185
0.0613828 0.0568356 -0.00100413 0.0103468
0.0582526 0.0553716 -0.000297997 0.00980933
0.0590872 0.0557637 -0.000583542 0.0100048
0.0553672 0.0539768 -0.000561766 0.00983829
0.0576682 0.0550897 -0.00111874 0.0103038
0.0535731 0.05309 -0.00101656 0.00976525
0.0552928 0.0539396 -0.00127457 0.00970711
0.0561739 0.0543715 -0.00104609 0.0101852
0.054161 0.0533911 4.2036e-05 0.00957536
0.0576669 0.0550861 -0.00154284 0.00979882
0.0529035 0.0527643 -0.00061009 0.00911721
0.0555994 0.0540952 -0.000618714 0.00969589
0.0499429 0.0512639 -0.0017122 0.0090978
0.057003 0.0547694 -0.00156832 0.00961022
0.0524076 0.0525164 -0.000658208 0.00926511
0.0524708 0.0525475 -0.00109928 0.00941069
0.056012 0.0542978 -0.00104171 0.0098356
0.0486664 0.0505973 -0.000983627 0.00915095
0.0550012 0.053801 -0.000949755 0.0097203
0.0515639 0.0520933 -0.00102766 0.00939972
0.054624 0.0536171 -0.000497416 0.00954656
0.0524988 0.0525637 -0.000575459 0.00944755
0.0539195 0.0532686 -0.000739833 0.0093894
0.0524995 0.0525638 -0.000518584 0.00932325
0.0515794 0.0521001 -0.000779625 0.00923905
0.0505759 0.051588 -0.00119086 0.00937424
0.0532609 0.0529435 -0.000864754 0.00989774
0.053824 0.053223 -0.000644706 0.00969078
0.0535871 0.0531066 4.29843e-05 0.009154
0.0537174 0.0531776 -0.000582348 0.00946895
0.0510211 0.051816 -0.000518168 0.00894599
0.0526518 0.0526392 -0.00103397 0.0097665
0.0488253 0.0506821 -0.000937063 0.00904403
0.0494223 0.0509877 -0.000861497 0.00931303
0.0478442 0.0501782 -0.000462271 0.0090078
0.0511327 0.0518723 -0.000920313 0.00933447
0.0445802 0.0484214 -0.000769274 0.00890451
0.0512205 0.0519203 -0.000615045 0.00921464
0.0500624 0.0513138 -0.00191779 0.00966165
0.0478045 0.0501551 -0.00116376 0.00928928
0.0527297 0.0526868 -0.00124266 0.00937585
0.0478448 0.0501759 -0.000587008 0.00912146
0.0485031 0.0505195 -0.00159978 0.00937804
0.0504752 0.051544 -0.000236553 0.00930448
0.0452958 0.048821 -0.000225163 0.00895793

0.0483018 0.0503987 -0.00149289 0.00887541
0.0449316 0.0486238 -0.000706841 0.00905094
0.0404365 0.0461304 -0.000818575 0.00832325
0.0431918 0.0476806 -0.000791374 0.00870829
0.0405207 0.04618 -0.00091159 0.00811909
0.0430152 0.0475705 -0.00130581 0.00858178
0.0421602 0.0471056 -0.000199362 0.00870452
0.0428176 0.0474656 -0.000958764 0.00850473
0.0375894 0.0444691 -0.000883556 0.00761707
0.0397692 0.0457467 -0.000806067 0.00812068
0.0404596 0.0461493 0.000380432 0.00840664
0.0407603 0.046318 -0.000202031 0.00815137
0.0382106 0.0448429 -0.000499634 0.0079461
0.0380602 0.0447698 0.000634946 0.00833236
0.0378724 0.0446447 -0.000437941 0.00805776
0.0379358 0.0446828 -0.000421677 0.00824421
0.0370717 0.0441687 -0.00072136 0.00800333
0.0361828 0.0436335 -0.000147587 0.00775559
0.0346217 0.042685 -0.000494019 0.00717483
0.0395351 0.0456141 5.65123e-06 0.00807067
0.0393131 0.0454872 -0.000662834 0.00814073
0.0384216 0.044966 -0.000443419 0.00790006
0.0365194 0.0438381 -0.000785338 0.00813726
0.0357794 0.0433912 -0.000835438 0.00791098
0.0368053 0.0439994 -0.000661678 0.00761065
0.0374095 0.0443714 -0.000288635 0.00809487
0.0364228 0.043783 -0.000358516 0.00835656
0.038468 0.0449935 -0.00050543 0.00845337
0.0347687 0.0427758 -6.94068e-05 0.00800526
0.0350063 0.0429158 -0.00104012 0.00776171
0.0382171 0.0448451 -0.000808632 0.00833038
0.0369952 0.0441174 -0.000207142 0.00790133
0.0371634 0.0442272 0.00015418 0.00801173
0.0329671 0.0416466 -0.000507243 0.00726848
0.036511 0.043836 -0.000127879 0.00789906
0.0318914 0.0409662 -0.000630123 0.00761133
0.0319518 0.04099 -0.00126758 0.00797019
0.0352047 0.0430665 0.000224587 0.00756185
0.0307546 0.0402273 4.44264e-05 0.00742897
0.0352922 0.0430803 -0.000864313 0.00777131
0.0316436 0.0408084 -0.000246241 0.0075276
0.0378841 0.0446618 -0.000184759 0.00820203
0.0402841 0.0460466 0.000246117 0.00841681
0.0350099 0.0429183 0.000254555 0.00773591
0.0346371 0.042696 7.43163e-05 0.00753863
0.0310288 0.0403968 -0.00163161 0.00749886
0.0336366 0.0420541 -0.000807604 0.00742776
0.0348099 0.0428056 -0.000195616 0.00761356
0.0381983 0.0448374 -0.000117828 0.00784652
0.0316635 0.0408172 -3.91114e-05 0.00756312
0.0355058 0.0432226 -0.00104643 0.00787332
0.0342888 0.0424819 -9.67974e-05 0.00736655
0.0325598 0.0413946 -0.00052982 0.0074374
0.0345244 0.0426277 -0.00046556 0.00772441
0.0274359 0.0379825 -0.00143286 0.00656415
0.0314611 0.0406937 0.000371111 0.00702633
0.0319559 0.041006 -0.000799759 0.00764758
0.0255305 0.036639 -0.000394036 0.00681166
0.0367553 0.0439842 -0.000899283 0.00773952
0.0313122 0.0405889 -0.000173279 0.00732112

