0.180083 0.0973446 -0.00254758 0.0176627
0.17248 0.0952665 -0.00218766 0.0172194
0.168411 0.0941391 -0.00219748 0.0170144
0.164434 0.0930204 -0.00201575 0.0168066
0.1643 0.0929741 -0.00209475 0.016804
0.160058 0.0917746 -0.00188934 0.0166418
0.163322 0.0927037 -0.00210625 0.0166521
0.16009 0.0917834 -0.00196445 0.0165775
0.158403 0.0912988 -0.00205417 0.0165352
0.155555 0.0904739 -0.00209105 0.0164903
0.158962 0.0914589 -0.00194135 0.0164733
0.155442 0.0904418 -0.00190213 0.0163485
0.15379 0.0899513 -0.00167419 0.0162381
0.154514 0.0901718 -0.00179343 0.0163389
0.15293 0.0897087 -0.00165723 0.0162225
0.15282 0.0896735 -0.00207686 0.0161182
0.151191 0.0891954 -0.001908 0.016037
0.150535 0.0889994 -0.00181659 0.0160868
0.148619 0.0884351 -0.00142797 0.0159292
0.149081 0.0885554 -0.00161355 0.015944
0.149257 0.0886134 -0.00172069 0.0159682
0.148919 0.0885204 -0.00219789 0.0159067
0.15001 0.0888549 -0.00194025 0.0160046
0.148735 0.0884683 -0.00146469 0.0159177
0.148449 0.0883966 -0.00134734 0.0159285
0.146287 0.0877399 -0.00145524 0.0158655
0.146576 0.0878095 -0.00161731 0.0157165
0.144733 0.0872699 -0.00190703 0.0157774
0.147361 0.0880631 -0.00115035 0.0158396
0.143483 0.0868965 -0.00127635 0.0155505
0.143628 0.0869354 -0.00193279 0.0157025
0.144447 0.0871866 -0.00118221 0.0156625
0.143651 0.0869452 -0.00141933 0.0157291
0.142904 0.0867165 -0.00178145 0.0156716
0.14159 0.0863094 -0.00162521 0.0156065
0.14312 0.0867822 -0.00173162 0.0156746
0.14027 0.0859158 -0.0013408 0.0155251
0.1388 0.0854562 -0.0016462 0.0154784
0.141007 0.0861275 -0.00132545 0.0155559
0.13909 0.085554 -0.00133192 0.015462
0.138954 0.0855214 -0.00123605 0.0154053
0.137288 0.0849875 -0.00159081 0.0153645
0.139669 0.0857304 -0.00143486 0.015572
0.136706 0.0848195 -0.00110043 0.0154098
0.134348 0.0840829 -0.00176846 0.0150542
0.136351 0.0847048 -0.00174806 0.0152401
0.137946 0.085199 -0.00171674 0.0153751
0.135698 0.0845036 -0.0015582 0.0152387
0.137263 0.0849907 -0.00124735 0.0152696
0.13576 0.0845139 -0.00156671 0.015204
0.136655 0.0847979 -0.00209469 0.0153251
0.132825 0.0836007 -0.00191834 0.0150992
0.133788 0.0839069 -0.00142784 0.0152131
0.133575 0.0838547 -0.00129079 0.0151994
0.135394 0.0844103 -0.00110009 0.015137
0.133984 0.0839677 -0.00162084 0.0152159
0.134732 0.0842162 -0.00138349 0.0152535
0.138288 0.0853072 -0.0010872 0.0155357
0.139451 0.0856718 -0.000336301 0.0153807
0.138106 0.0852537 -0.000825859 0.0154623

0.125222 0.0811681 -0.00254717 0.0145869
0.113485 0.0772715 -0.0021256 0.0139408
0.113417 0.0772422 -0.00216265 0.0139087
0.110448 0.0762333 -0.00195452 0.0138137
0.10648 0.0748493 -0.00178746 0.0134779
0.107557 0.075227 -0.00187373 0.0136092
0.105366 0.0744574 -0.00195303 0.0134431
0.100922 0.072869 -0.00207234 0.0132628
0.103759 0.0738919 -0.0014598 0.0132172
0.102454 0.0734186 -0.00190423 0.0131469
0.101181 0.0729644 -0.00159099 0.0131668
0.100569 0.0727482 -0.00166419 0.0132108
0.0986102 0.0720106 -0.00205884 0.0128419
0.0994937 0.0723549 -0.0015656 0.0130354
0.0970993 0.0714795 -0.00141351 0.0129898
0.0961695 0.0711295 -0.00188308 0.0127818
0.0962138 0.0711516 -0.00144218 0.0128134
0.0960931 0.07111 -0.0011576 0.0129302
0.0949071 0.0706642 -0.00163477 0.0127912
0.0918513 0.0695187 -0.00147781 0.01249
0.0915934 0.0694203 -0.00162382 0.0125743
0.0954823 0.0708812 -0.00151876 0.0127488
0.0932634 0.0700523 -0.0015498 0.0126175
0.094594 0.0705353 -0.00137705 0.0127165
0.0931447 0.0700112 -0.00158123 0.0126486
0.0936102 0.070184 -0.00118221 0.0126412
0.0920719 0.0696015 -0.00143507 0.0125541
0.0919922 0.0695749 -0.00124098 0.0126086
0.0898425 0.0687559 -0.00142824 0.0123769
0.0887568 0.0683385 -0.00134289 0.0123344
0.0899335 0.0687908 -0.00112142 0.0123682
0.0883684 0.0681895 -0.00135777 0.0121427
0.0891042 0.0684714 -0.00166007 0.0121806
0.0875134 0.0678576 -0.00129138 0.0121713
0.0869183 0.0676329 -0.00133395 0.0122916
0.0870106 0.067667 -0.00130052 0.0121719
0.0876832 0.0679222 -0.00151694 0.0121592
0.0854626 0.0670592 -0.00117324 0.0122409
0.084673 0.066754 -0.00126014 0.0119602
0.083311 0.066205 -0.00162025 0.0120181
0.0863347 0.0674005 -0.00116508 0.0121971
0.0866718 0.0675292 -0.0015762 0.0121676
0.0847824 0.0667874 -0.000893691 0.0120382
0.0858214 0.0671954 -0.00164476 0.0121467
0.0843056 0.066602 -0.00126984 0.0119686
0.084185 0.0665503 -0.00169594 0.0119516
0.0829813 0.0660724 -0.00116318 0.0118199
0.0843369 0.0666159 -0.00116891 0.0120374
0.081564 0.0655103 -0.00152395 0.0118761
0.0823875 0.0658441 -0.00101985 0.0118463
0.0822758 0.0657959 -0.00119635 0.0117449
0.0809396 0.065262 -0.000870441 0.0116618
0.0821218 0.0657364 -0.00098173 0.0118687
0.0799934 0.0648751 -0.00139772 0.0116536
0.0834749 0.0662718 -0.0011192 0.0119116
0.0806373 0.0651415 -0.000712492 0.0117491
0.0814863 0.065477 -0.00146481 0.011699
0.0808359 0.0652158 -0.00114122 0.0117195
0.0803286 0.0650089 -0.00158173 0.0116523
0.0802524 0.0649968 -0.000694987 0.0117637

0.0709952 0.0611134 -0.000877756 0.0110503
0.0703691 0.0608402 -0.00157704 0.0109287
0.0647345 0.0583548 -0.00148513 0.0104742
0.0683112 0.0599486 -0.00133845 0.0108119
0.0656181 0.0587607 -0.00083452 0.0107041
0.0641865 0.0581099 -0.00138552 0.0103421
0.0619437 0.057085 -0.00122207 0.0102967
0.063009 0.0575798 -0.000956543 0.0103666
0.0600079 0.0561889 -0.000926711 0.0101855
0.0604272 0.0563893 -0.000951072 0.0102912
0.0595036 0.0559545 -0.00090548 0.0101561
0.0621643 0.0571935 -0.000766872 0.0101397
0.0591869 0.0558039 -0.00117807 0.00990362
0.0607108 0.0565009 -0.000932241 0.0102021
0.0573491 0.0549309 -0.0012376 0.00969884
0.0556601 0.0541126 -0.00126028 0.00963772
0.0551017 0.0538412 -0.00109866 0.00970922
0.0561717 0.0543603 -0.00118389 0.00969206
0.0563704 0.0544597 -0.000960641 0.00968053
0.0582359 0.0553545 -0.0010059 0.0100012
0.0570843 0.0548024 -0.00113852 0.00980077
0.0576393 0.0550723 -0.00119446 0.00967978
0.0561379 0.0543358 -0.000919322 0.00961788
0.0542008 0.0534025 -0.000705023 0.0093529
0.0570678 0.0547916 -0.0010482 0.00978116
0.0532613 0.0529357 -0.000754712 0.00945773
0.055488 0.0540294 -0.00119419 0.00962945
0.0527906 0.0526992 -0.001173 0.00943907
0.0549992 0.053794 -0.000842208 0.00968828
0.0549732 0.0537951 -0.000787887 0.00974445
0.0536398 0.0531265 -0.000809365 0.00938075
0.0539542 0.0532832 -0.000640586 0.00969392
0.0552187 0.0539019 -0.000774407 0.00966839
0.054431 0.0535135 -0.000991968 0.00966882
0.0533925 0.0530033 -0.000334697 0.00946812
0.0553932 0.0539864 -0.000888488 0.00979203
0.051518 0.0520584 -0.000717261 0.0093149
0.0574353 0.0549817 -0.000537512 0.0097938
0.0528552 0.0527373 -0.00028644 0.00941286
0.0519069 0.0522587 -0.000890884 0.00926361
0.0549823 0.053788 -0.000480278 0.0097418
0.050306 0.0514472 -0.000924503 0.00922305
0.0524819 0.0525483 -0.000983124 0.00948751
0.0543124 0.0534629 -0.000515156 0.00960034
0.0518326 0.0522232 -0.00085841 0.00940595
0.0518808 0.0522479 -0.000735573 0.00955115
0.0520246 0.0523185 -0.000884761 0.00928401
0.0506934 0.0516437 -0.00105887 0.00941566
0.0509497 0.0517763 -0.000822337 0.00936455
0.0501645 0.0513771 -0.00057396 0.00922132
0.0509395 0.051774 -0.000482613 0.00915082
0.0489416 0.0507522 -9.10768e-05 0.00910527
0.0496437 0.0511093 -0.000665778 0.00924931
0.0507005 0.0516479 -0.000976747 0.00923729
0.0496535 0.0511219 8.91143e-05 0.00891897
0.0509361 0.0517686 -0.000589004 0.009209
0.0471306 0.0497982 -0.000906634 0.00891539
0.0463319 0.0493719 -0.00094228 0.00900411
0.0474193 0.0499542 -0.000556287 0.00890732
0.0480231 0.0502604 -0.00131115 0.00899497

0.0477649 0.0501329 -0.000817703 0.00917987
0.0453207 0.0488397 -0.000120867 0.00889051
0.0416431 0.0468072 -0.000942538 0.00836754
0.0411674 0.0465319 -0.00117683 0.00825954
0.0400144 0.045877 -0.000860554 0.00793881
0.0411552 0.0465305 -0.0008462 0.00847668
0.0424525 0.0472557 -0.000969902 0.00861726
0.0422522 0.0471294 -0.00103679 0.00863418
0.0393981 0.0455301 -0.000578923 0.00832019
0.0389176 0.0452352 -0.0011582 0.00820266
0.0402102 0.0459906 -0.00095221 0.00825766
0.0402236 0.0460053 -0.000579774 0.00827972
0.0380436 0.0447384 -0.000503031 0.00804054
0.0394932 0.0455801 -0.000815283 0.00817464
0.0379584 0.0446897 -0.00057977 0.00804916
0.0372575 0.0442754 -0.000566368 0.00787484
0.0376817 0.0445093 -0.000683433 0.00793168
0.0384025 0.0449491 -0.000784983 0.00799249
0.0377314 0.0445458 -0.000675436 0.00821378
0.0389644 0.045273 -0.000826967 0.00802168
0.0370711 0.0441664 -0.000330763 0.00781122
0.0386297 0.0450832 -0.000527866 0.00783463
0.0383723 0.0449303 -0.000756608 0.00811753
0.0337467 0.0421286 -0.000704353 0.00759441
0.0372158 0.0442578 -0.000732477 0.00819962
0.035837 0.043421 -0.000583358 0.00784052
0.0360057 0.0435303 -0.000230217 0.00767454
0.0363526 0.0437295 -0.000919575 0.00809192
0.0378162 0.0446101 -0.000562302 0.00796017
0.0372673 0.0442824 -0.000643877 0.00800931
0.0357725 0.0433823 -0.000643663 0.00785501
0.035728 0.0433726 -0.000596147 0.00785186
0.0376287 0.044498 -0.000550738 0.00793769
0.0353581 0.0431305 -0.000425954 0.00778274
0.0349556 0.0428886 -7.87867e-05 0.00762423
0.0341612 0.0423959 -0.000841205 0.00760644
0.0366235 0.0439048 -0.000118793 0.0080081
0.0362843 0.0436968 -0.000358649 0.00803595
0.0359314 0.0434808 -0.000520198 0.00758824
0.0341127 0.0423649 -0.000648352 0.00747398
0.035874 0.0434471 -0.000411104 0.0077038
0.033474 0.0419621 -0.000829294 0.00748856
0.0362152 0.0436545 -0.00072129 0.00799232
0.0325691 0.0413969 -0.000955659 0.00739705
0.0321625 0.0411344 -0.000612269 0.00743324
0.03462 0.0426829 -0.000383359 0.0077047
0.0332062 0.0418004 -0.000421879 0.0074477
0.0345825 0.0426507 -0.00100542 0.00769925
0.0342431 0.042449 -0.000315297 0.00760077
0.0337017 0.0421077 -0.000561716 0.00745471
0.0329705 0.0416454 -0.000741175 0.0073641
0.0345366 0.0426319 -0.000413724 0.00759916
0.0347166 0.0427386 -0.000567123 0.00776212
0.0320382 0.041051 -0.000440112 0.0071577
0.0357765 0.0433947 9.62924e-05 0.00779015
0.0312136 0.0405133 -0.000664376 0.00735273
0.0320275 0.0410455 -0.000715056 0.00721654
0.0298419 0.0396172 -0.000662694 0.00731708
0.032333 0.0412502 -0.000540933 0.00767322
0.034602 0.0426745 -6.36349e-05 0.00771243

