0.176975 0.0965031 -0.00205043 0.0174707
0.16791 0.0939956 -0.00176359 0.0170092
0.163103 0.0926424 -0.00246519 0.0166938
0.157826 0.0911291 -0.00234058 0.0164112
0.153111 0.0897625 -0.00154883 0.0161577
0.146638 0.087841 -0.00242615 0.0158119
0.146854 0.0879069 -0.00182489 0.0158218
0.140136 0.0858719 -0.00222392 0.0155716
0.136086 0.0846136 -0.00324861 0.0154145
0.136405 0.084724 -0.00175139 0.0153701
0.140275 0.0859204 -0.00090673 0.0153695
0.136635 0.0847912 -0.00199127 0.0152946
0.131111 0.0830591 -0.00243271 0.0148386
0.131088 0.0830665 -0.00129902 0.0147299
0.125486 0.0812601 -0.00123258 0.0149126
0.126201 0.0814879 -0.00211615 0.0146006
0.138036 0.0852328 -0.000493695 0.0146744
0.130121 0.0827684 0.00382777 0.0144915
0.143159 0.086807 -0.00175897 0.0148177
0.144897 0.0872944 -0.00553832 0.0167222
0.15154 0.0893128 0.00155061 0.0160618
0.121076 0.0797886 -0.00471596 0.0130054
0.138 0.085246 0.00184705 0.0166938
0.173319 0.0955152 -0.00252814 0.0173487
0.139503 0.085689 0.000997898 0.0144833
0.127918 0.0819913 -0.00713698 0.0158507
0.147959 0.0882404 -0.000652613 0.0156401
0.123904 0.0806622 -0.008321 0.0157969
0.120851 0.0797484 0.000253219 0.0129609
0.160636 0.0919614 0.00355217 0.0166133
0.135141 0.0843247 -0.00232275 0.0152355
0.167412 0.093865 -0.00127892 0.0168849
0.15296 0.0897409 0.00528684 0.0159846
0.12977 0.0826466 0.000260079 0.0167383
0.139245 0.0855929 -0.00260282 0.0143988
0.130866 0.0829355 -0.00592046 0.0137619
0.151158 0.0891999 0.00143676 0.0158027
0.150955 0.0889767 -0.0102459 0.0145401
0.138906 0.0854975 0.000814829 0.0147546
0.154427 0.0901263 -0.00481012 0.0164206
0.135257 0.084298 -0.00808903 0.0165004
0.148015 0.0882383 -0.00415277 0.0164906
0.122733 0.080362 -0.00171168 0.0147487
0.123972 0.0807562 -0.00338396 0.0145324
0.145998 0.0876225 -0.00531167 0.0153102
0.144699 0.0872607 0.000491452 0.0160969
0.12245 0.0802676 -0.00285151 0.0131618
0.128752 0.0822974 -0.00341409 0.0166519
0.109337 0.0758282 -0.00367096 0.0128231
0.129943 0.0826465 -0.00594667 0.0145858
0.130324 0.0828283 0.00261775 0.0158882
0.146923 0.0878046 -0.00974074 0.014849
0.149649 0.0887271 -0.00361229 0.0160311
0.123498 0.0805915 -0.00461603 0.0154077
0.136921 0.0848946 0.00105206 0.0147328
0.149732 0.088777 0.000699511 0.0156771
0.115991 0.0781397 0.00159348 0.0140153
0.111295 0.0766297 -0.00983479 0.0194899
0.123513 0.0806127 -0.00400018 0.0137655
0.117554 0.0786036 -0.00514686 0.0128958

0.120628 0.0796751 -0.00209089 0.014435
0.112718 0.0770124 -0.00232528 0.0138795
0.108075 0.0754046 -0.00223687 0.0136596
0.105095 0.0743596 -0.00187903 0.0134041
0.101585 0.0731088 -0.00209317 0.0130984
0.095721 0.070964 -0.00172199 0.0125793
0.0947489 0.0706028 -0.0020706 0.0127384
0.092498 0.0697596 -0.0017954 0.0125303
0.0917845 0.0694913 -0.00142296 0.0126422
0.0828809 0.066039 -0.00195371 0.0118271
0.0895758 0.0686527 -0.000948 0.0121544
0.0845967 0.0667177 -0.0008732 0.0123193
0.0780713 0.0640927 -0.00153003 0.0115126
0.0772355 0.0637306 -0.00259518 0.0118362
0.0852258 0.0669347 -0.00411346 0.0128213
0.0968193 0.0713958 0.0021333 0.0121726
0.0641833 0.0580891 -0.00303392 0.0115544
0.0661108 0.0589796 -0.00139958 0.0113568
0.09289 2.14357e-05 -0.0132703 4.11874e-06
0.0862633 1.03671e-05 -0.00958483 1.39567e-06
0.110305 0.0762042 0.00256923 0.0134175
0.0549568 9.69413e-06 -0.00785107 1.65518e-06
0.0414842 0.0425953 -0.00843186 0.0107792
0.133051 0.0240167 -0.0147834 0.00321796
0.0503745 0.0514281 -0.00277582 0.00897932
0.0651101 6.88748e-05 -0.0130252 1.96076e-05
0.0575948 0.00165422 -0.00963951 0.000388923
0.0799701 0.0648429 -0.00292642 0.0123261
0.083627 1.26859e-06 0.00929356 2.93645e-07
0.0468824 0.0496532 -0.00229181 0.0123214
0.122592 0.0803228 0.00108557 0.0146673
0.118772 0.0790588 -0.00151735 0.0147768
0.0432983 0.0476417 -0.00280237 0.00759143
0.0904048 0.0687599 -0.00667954 0.00997863
0.0893395 5.54415e-06 -0.0111831 3.02705e-06
0.0965834 0.0712796 0.000359059 0.0125198
0.0724078 0.0616367 -0.00455856 0.0098621
0.0461521 5.17247e-07 -0.00577075 1.17494e-07
0.0699349 0.0606709 -0.000668037 0.0119266
0.0876696 0.0678893 -0.00347142 0.0123449
0.0736666 3.12695e-06 -0.00818983 1.26611e-06
0.0736785 6.471e-08 -0.00818652 3.30848e-10
0.0641785 0.0579963 -0.00713109 0.00644404
0.0539509 0.052709 -0.00480658 0.00684168
0.0506517 0.0516214 -0.00145314 0.0110281
0.0599519 0.0561654 -0.00120008 0.0103603
0.0766632 0.0634728 -0.00373106 0.0120133
0.0735465 0.0622177 0.000282637 0.012961
0.0733362 0.062109 -0.00288648 0.0113039
0.0634291 0.0577593 -0.00271559 0.015006
0.0477899 0.050141 0.000200031 0.0101268
0.0537967 0.0529955 -0.00392421 0.00701582
0.0790943 0.0644951 -0.00304257 0.0118005
0.0872888 0.0677497 -0.00354286 0.0127459
0.163059 4.7803e-05 -0.0271765 7.96718e-06
0.0731976 0.0620874 0.00416167 0.011888
0.0460962 0.0492401 -0.00170244 0.00887574
0.0740178 0.0623755 -0.00299274 0.00996914
0.0687971 0.0601802 0.00264896 0.00937734
0.0530331 4.51534e-06 -0.00589268 5.83859e-07

0.072478 0.0617446 -0.001241 0.0110855
0.0668634 0.0593098 -0.00117588 0.01065
0.0631836 0.0576573 -0.00125504 0.0104362
0.0610569 0.0566763 -0.00117864 0.0101249
0.059082 0.0557529 -0.00109305 0.00997791
0.0566506 0.0545939 -0.00096921 0.00964276
0.053535 0.0530608 -0.00162789 0.00961505
0.0526581 0.0526224 -0.00124101 0.00926779
0.0548827 0.05374 -0.000813541 0.00940196
0.0480259 0.0502533 -0.00153516 0.00892394
0.0470427 0.0497382 -0.00153883 0.0087502
0.0567952 0.0546734 -0.000530003 0.00962573
0.0501597 0.0513675 -0.000268513 0.00918618
0.0522601 0.0524299 -0.0012276 0.0103549
0.0513347 0.0519515 -0.00211102 0.0096634
0.0521705 0.0524244 0.000223144 0.0103601
0.0556474 0.0540997 -0.00180682 0.0106759
0.0538742 0.0532305 -0.00181161 0.00998693
0.0435987 0.0479095 0.0012201 0.00962625
0.0761891 0.0633249 0.00397554 0.0102556
0.0633487 0.0577353 -0.000889332 0.0104195
0.265383 0.0943159 -0.051225 0.0189828
0.0324188 0.00537389 -0.00405235 0.000791309
0.0217869 0.00988276 -0.00266542 0.00121997
0.0230734 0.0289872 0.00576993 0.00935672
0.0337253 0.041873 -0.00285829 0.00592023
0.0479167 0.0502921 0.00452363 0.00630267
0.0132337 5.78887e-06 -0.00331053 1.31245e-06
0.0569483 1.22239e-05 -0.00711873 2.14412e-06
0.0569493 1.4013e-08 -0.00711871 1.70703e-08
0.051665 0.0521522 0.00083444 0.00883713
0.0510844 0.0518449 -0.000730027 0.00859005
0.0473106 0.049913 0.00209466 0.00672835
0.0546553 0.0535996 -0.00194048 0.0076149
0.0603877 0.0563929 0.000356571 0.00988593
0.0549644 0.0537434 -0.00233947 0.00824499
0.0239875 0.0355322 0.000505305 0.00609145
0.0722238 0.0616066 -0.00401043 0.0128058
0.0561174 4.43588e-06 -0.00624271 1.45318e-06
0.0561427 3.20193e-07 -0.00623807 3.54214e-08
0.0561427 1.08644e-07 -0.00623807 1.20715e-08
0.0561427 7.85015e-08 -0.00623807 8.72239e-09
0.0317537 0.000154352 0.00453653 2.90826e-05
0.0358537 0.0339716 0.00399015 0.00470733
0.0358885 2.13328e-08 0.00398764 2.46908e-08
0.0791986 0.0645402 -0.00278921 0.0131832
0.0621726 0.0571529 -0.00337398 0.0114412
0.0346592 0.0426856 -0.00164151 0.00808771
0.0527 0.0526581 0.00103679 0.00826872
0.019886 6.74669e-06 -0.0024864 9.85634e-07
0.0198912 2.65412e-08 -0.0024864 3.31765e-09
0.0210618 4.73513e-08 -0.00234023 9.52872e-07
0.0640913 0.0580916 0.00468783 0.00990457
0.0603136 0.0563344 -0.000436783 0.0103872
0.0268126 1.62208e-05 -0.0029904 2.201e-06
0.0519849 0.0523294 0.0035728 0.00715213
0.0708809 0.0611112 0.00534597 0.0104922
0.0404806 0.0461645 0.000912184 0.00770352
0.0487646 0.0501265 -0.00450668 0.00676933
0.0425351 0.0473175 0.00150696 0.00939863

0.0467142 0.0495948 -0.00079799 0.00904279
0.0452021 0.0487685 -0.000702862 0.0089347
0.0419515 0.0469803 -0.000704793 0.00828335
0.0404165 0.0461129 -0.000854329 0.00841651
0.0390407 0.0453189 -0.000811257 0.00820106
0.0376102 0.044483 -0.000612295 0.00797325
0.0370407 0.0441421 -0.000513367 0.00808637
0.0345451 0.0426326 -0.000512209 0.00757441
0.0384352 0.0449592 -0.00115631 0.00794237
0.0333546 0.0418832 -0.0010901 0.00730034
0.0339171 0.0422568 0.000668326 0.00720601
0.0395881 0.0456407 -0.000543444 0.00941202
0.0323102 0.0412131 -0.00190428 0.00874354
0.0372628 0.044282 -0.00077132 0.00768436
0.0287442 0.00929304 -0.00359307 0.00156759
-0.0140957 0.0299035 0.00369742 0.00715946
0.102967 0.126594 0.011053 0.0141675
0.0672824 4e-05 0.00961182 5.71482e-06
0.0715124 0.000173554 0.00893904 2.16942e-05
0.0406506 4.57806e-06 -0.00509449 1.45725e-07
0.0196377 9.07292e-06 -0.00392767 1.9159e-06
0.027037 0.0377418 0.00177824 0.00531585
0.0427851 0.0473649 -0.0025171 0.00709132
0.0155033 5.73552e-06 -0.00222154 7.13245e-07
0.0122122 7.27338e-08 -0.00203539 6.69853e-07
0.0122123 2.76495e-08 -0.00203539 4.60825e-09
0.0336497 0.037941 0.000130133 0.00653712
0.0433473 0.04773 -0.00186237 0.00863785
0.0391215 0.0453768 0.000141396 0.0108467
0.0353987 0.043287 0.00386668 0.00482886
0.0642285 0.0568005 -0.00867078 0.00829116
-0.0312587 3.77283e-06 -0.0155876 4.2781e-06
-0.207264 0.0374724 -0.0155876 0.00256718
0.087749 7.10921e-05 -0.0219594 1.80046e-05
0.0312434 0.0405304 -0.000884503 0.00555458
0.0229806 3.89684e-05 -0.00767636 3.15901e-06
0.0510555 0.0518007 -0.000939973 0.00822781
0.0358816 0.0433988 -0.00165229 0.00578416
0.0324083 0.0412957 -0.000270984 0.0061811
0.0241356 0.0336982 0.00268614 0.00407413
0.0438033 0.0479836 -0.00185712 0.00827714
0.0239045 2.55933e-06 -0.00478092 5.6442e-07
0.0239044 0.000711557 -0.00478088 0.000158252
0.0294102 6.33098e-06 -0.00368151 1.00052e-06
0.0199468 1.84697e-05 -0.0033245 9.94282e-08
-0.0379233 0.0220613 -0.0189576 0.00560375
0.00243251 4.42747e-05 -0.00250274 9.30572e-06
0.0115189 0.0379408 0.00127996 0.0058685
0.0398846 1.09303e-05 0.00499491 1.49465e-06
0.0258551 8.94027e-06 0.00519095 4.92869e-06
0.0340784 0.0355277 -0.00487943 0.00716472
0.0256265 8.60121e-06 -0.00642039 2.70519e-06
0.0125856 8.3183e-06 -0.00629443 7.34805e-06
-3.24127e-05 1.18678e-05 -0.0109961 0.0156034
0.0188105 0.0289491 0.00209607 0.00376715
0.0255432 0.0366994 0.00262304 0.0041754
0.0244308 1.11377e-05 -0.00488618 8.41331e-09
0.032727 6.29923e-06 0.00364164 6.20767e-07
0.0261944 0.0371264 -4.70392e-05 0.00521781
0.0495608 0.0510372 -0.00155054 0.00812244

