0.177302 0.096591 -0.00232884 0.017553
0.16895 0.0942867 -0.00190835 0.0170268
0.162408 0.0924455 -0.00234058 0.01665
0.157882 0.0911488 -0.0017091 0.0164247
0.152131 0.0894723 -0.00180101 0.0161004
0.147585 0.0881244 -0.00237337 0.0158589
0.14624 0.0877129 -0.00263687 0.0158395
0.140685 0.0860416 -0.00164761 0.0153638
0.136772 0.0848376 -0.00138549 0.0150269
0.136452 0.08474 -0.00094285 0.0148816
0.136458 0.0847468 -5.51747e-05 0.0153547
0.128553 0.0822526 -0.000388351 0.0143764
0.134638 0.0841809 0.00116088 0.0150893
0.125428 0.0812305 -0.00321395 0.0143134
0.123209 0.0805012 -0.00405646 0.0149464
0.145231 0.0874481 5.71799e-05 0.0149336
0.135284 0.0843822 0.0011989 0.0143619
0.131932 0.0833171 -0.00232566 0.0152153
0.168095 0.0940653 0.0044899 0.0156951
0.144833 0.0872924 -0.00314585 0.0166717
0.170608 0.0947504 -0.000120843 0.0185822
0.168862 0.0942939 0.00953674 0.017431
0.133202 0.0837138 -0.00316466 0.0171627
0.11324 0.0771919 -0.00149659 0.0134349
0.124395 0.0808462 -0.0068707 0.01459
0.148954 0.0885318 -0.000391191 0.0158214
0.17375 0.0956219 -0.00231101 0.0179319
0.14212 0.0864994 0.00668587 0.0171979
0.133528 0.0837777 -0.00564174 0.0150593
0.20951 0.105021 0.00328025 0.0190063
0.116135 0.0781277 -0.00512874 0.0125402
0.166237 0.0935535 0.00619595 0.0190859
0.161264 0.0921408 0.000134551 0.015488
0.144527 0.0872403 0.00384365 0.0145017
0.135099 0.0842729 -0.00793283 0.0176722
0.160713 0.0917233 -0.0120004 0.0137053
0.142671 0.0866062 -0.00573761 0.0144983
0.135237 0.0843131 -0.00495925 0.0139513
0.15628 0.0906369 -0.00756541 0.0163855
0.178758 0.096988 -0.002275 0.0191173
0.160426 0.0918827 -0.00127727 0.0157549
0.134444 0.084098 -0.00359688 0.0152248
0.105414 4.36665e-05 -0.0117145 5.77183e-06
0.10539 3.40629e-06 -0.01171 3.78479e-07
0.159345 0.0915832 0.00412323 0.0173316
0.173864 0.0956617 0.00120088 0.0153635
0.16553 0.0933471 0.00324861 0.0171458
0.15419 0.0901015 0.00342036 0.0152082
0.178335 0.0968595 -0.00130247 0.0157124
0.148819 0.088511 0.0012271 0.0180602
0.130354 0.08283 0.000129588 0.0133267
0.152288 0.0895634 0.010652 0.0143459
0.104343 0.0741054 -0.000124795 0.0138395
0.158999 0.091488 0.00267084 0.0168222
0.154998 0.0903188 -0.000422762 0.0159237
0.0866129 0.0622983 -0.0124911 0.0109356
0.11976 0.0793881 -0.000511335 0.0159678
0.155287 0.0904169 0.0030037 0.0154753
0.0706906 1.32326e-05 -0.0235939 1.40072e-05
0.0517811 0.0640626 -0.0191248 0.0209398

0.120226 0.0795357 -0.00221023 0.0143485
0.1135 0.0772775 -0.00262666 0.0139218
0.110078 0.0760998 -0.00219382 0.0137388
0.103466 0.0737765 -0.00188414 0.013336
0.0992196 0.0722519 -0.0020288 0.0128113
0.0984152 0.0719449 -0.00220517 0.0129211
0.0909035 0.0691545 -0.00218013 0.0123543
0.0923193 0.0696959 -0.00168401 0.0124117
0.0864741 0.0674405 -0.00279655 0.0124513
0.0876832 0.0679288 -0.00178722 0.0124804
0.0817783 0.0655961 -0.00206504 0.0122629
0.100609 0.0727572 -0.00196331 0.0128677
0.0842828 0.0665786 -0.00253712 0.011255
0.0719055 0.0615051 -0.00147643 0.0107129
0.0727703 4.42292e-06 -0.00808562 5.34398e-07
0.0727695 0.0198292 -0.00808552 0.00239617
0.0717705 0.00035668 -0.0102801 8.51655e-05
0.0729699 0.0618632 -0.00447912 0.009367
0.0387993 0.0450534 -0.00262058 0.0059003
0.0323583 0.0412916 0.000201331 0.00814464
0.0380425 1.28599e-05 -0.0126816 6.30481e-06
-9.4952e-05 2.48998e-05 -0.00135416 0.00539279
0.023541 0.0297471 0.00338236 0.00534559
0.0466643 2.47216e-06 -0.00583658 6.8748e-07
0.0271791 8.61263e-06 -0.00909496 1.55357e-07
0.0310327 8.41384e-06 -0.00775838 2.96178e-06
0.0248768 0.0361699 -0.000546846 0.00525423
0.0402851 0.0456688 -0.00351558 0.00647948
0.00932245 0.0221398 0.000578026 0.00204716
0.0789018 0.0644013 -0.00308307 0.00936002
0.0547107 0.0535702 -0.00286107 0.00686967
-0.0579025 1.85518e-06 0.00723778 2.31894e-07
0.0107081 0.00933174 0.00119152 0.00147582
-1.96998 0.115957 0.216133 0.0128614
-1.96998 0.290465 0.216133 0.0322175
-1.96998 0.135208 0.216133 0.0149972
-1.96998 0.0241173 0.216133 0.00267509
-1.96998 0.06539 0.216133 0.00725306
-0.307959 0.076215 0.0439939 0.00940258
0.0682646 0.0284505 -0.013669 0.00760417
-0.00216226 0.00168928 -0.00107899 0.000501144
0.0513057 0.0519719 0.00110023 0.00710183
0.0366106 0.0439058 0.00157478 0.00795749
0.0428453 1.34518e-05 -0.00857034 3.9994e-06
0.110887 0.0764156 0.00596627 0.0112337
0.059983 1.18952e-05 -0.0120192 3.76749e-06
-0.0319737 0.0472765 -0.0165011 0.0218844
-0.000140462 5.41851e-05 -0.0334522 0.0273626
0.0818779 0.0656596 0.00216984 0.0134122
0.0519614 2.26658e-06 -0.00577679 6.86867e-07
0.0103558 0.707107 -0.00173558 0.708076
0.010095 4.51763e-06 -0.00202264 4.23091e-07
0.0271143 0.0377535 -0.000939315 0.00544329
0.030926 0.040337 0.000883917 0.00614986
0.0556484 0.0541273 0.000691713 0.0065288
0.0671829 0.054707 0.00840889 0.00827464
0.0895163 3.19171e-06 -0.00994919 5.28071e-07
0.0898108 0.0686962 -0.00347637 0.010203
0.123635 0.0806529 -0.00267163 0.0159475
0.0450973 0.0414981 0.00501202 0.00575308

0.0702349 0.0607806 -0.000743192 0.010959
0.0679514 0.0597895 -0.00138215 0.0107129
0.0614835 0.0568744 -0.00145149 0.0100243
0.0605572 0.0564439 -0.00114568 0.0102489
0.0572673 0.0548904 -0.00118064 0.00977585
0.0582604 0.0553618 -0.00114743 0.00992304
0.0559646 0.0542637 -0.000328448 0.0103221
0.0530599 0.0528352 -0.00117325 0.00948816
0.0504205 0.0515073 -0.000715519 0.00898917
0.0514919 0.0520574 -0.00018245 0.00918739
0.048038 7.55725e-06 -0.0053377 1.07631e-06
0.0519423 0.0522316 -0.00321193 0.0101107
0.0496207 0.0511038 0.00120944 0.00863856
0.0546221 0.0536315 0.00215541 0.00783702
0.0339689 0.0423061 0.00165038 0.00895218
0.054457 0.0535269 -0.00329395 0.0135633
0.0626028 0.0574091 0.00167975 0.00972551
0.0322926 0.000686083 0.0162501 0.000272022
-6.93519e-05 8.83172e-06 -0.0097679 0.0147158
0.0122223 4.89197e-06 -0.00407418 7.30291e-09
0.0312525 5.30693e-05 -0.0062567 9.3574e-07
0.0850291 0.0669239 0.00281299 0.0102142
0.0410818 0.0464769 -0.00130614 0.00581765
0.0290125 0.0391032 0.00213742 0.00586101
0.120683 0.079667 -0.00432931 0.0122055
0.108475 4.30908e-05 -0.0135762 3.27593e-06
0.0751671 0.0629006 0.000472969 0.00918381
0.0326 6.34318e-06 -0.0046572 1.13508e-06
0.105912 0.0745691 -0.00674872 0.0132363
0.0375493 0.0444428 -0.000576008 0.00486505
0.0782191 0.0641524 -0.00522265 0.0139101
0.0602895 0.0563194 -0.00164774 0.012706
-0.351805 0.0726894 0.0255581 11.5056
0.0800638 0.0649197 0.000789042 0.00930872
0.0442578 5.28285e-06 -0.00737634 1.13189e-06
0.0625606 0.0574568 0.00608534 0.00732224
0.0827979 0.0659669 -0.00375802 0.0117965
0.0818438 0.0656449 0.00295914 0.0137771
0.0750776 1.49824e-06 0.0187764 1.60828e-06
0.0943812 0.0704636 -0.00252388 0.0137234
0.0423249 0.0471954 -0.000582357 0.00657244
0.170852 7.9111e-08 -0.0284753 9.38103e-06
0.102513 0.0734888 0.00680826 0.0128627
0.067855 0.0597438 -0.000363647 0.0112422
0.0921302 0.0696538 0.00680281 0.00972394
0.0180938 1.02189e-06 0.00603195 1.51776e-07
0.0514127 1.98195e-06 0.0102833 8.94415e-07
0.0463835 0.0494226 0.00191069 0.00728095
0.069491 0.0603483 -0.00497861 0.00989636
-0.198139 0.0485422 0.0330211 0.00622198
-0.408615 0.0371622 0.0330211 0.011341
0.0409623 5.66734e-06 0.00455774 1.21665e-06
0.0409441 3.27571e-05 0.00454935 3.64e-06
0.0650794 0.0558205 0.00611913 0.00673132
0.051679 0.707107 0.00574215 0.707107
0.0610261 9.60161e-06 -0.00763036 1.38595e-06
0.0610338 2.49144e-06 -0.00762922 3.1143e-07
0.0610338 2.12708e-07 -0.00762922 2.65885e-08
0.064623 6.07162e-06 -0.00718063 7.73233e-07
0.0646185 0.00344383 -0.00717984 0.000382731

0.0467041 0.0495636 -0.00127122 0.00881175
0.0429165 0.0475038 -0.000886521 0.00846898
0.0437633 0.0479869 -0.000667133 0.00875786
0.0399285 0.0458317 -0.000641927 0.00812784
0.0394326 0.0455496 -0.000389906 0.00797219
0.0385167 0.0450243 -3.48677e-05 0.00788085
0.0394554 0.0455646 -0.000394611 0.00799444
0.0323381 0.0412423 -0.00141518 0.00727275
0.0346887 0.042729 5.72504e-05 0.00724027
0.0354411 0.0431832 -0.000414995 0.00838131
0.0284135 0.0386559 -0.000691893 0.00679832
0.0258201 0.0368496 -0.00105377 0.00650322
0.0273001 2.65549e-06 -0.00341255 3.79057e-07
0.0216409 6.02904e-06 -0.00240458 1.66047e-08
0.0216413 3.2189e-08 -0.00240458 3.57655e-09
0.0405742 0.707422 0.00451209 0.707107
0.0397587 0.0457459 0.00013175 0.00743594
0.0276937 2.18441e-06 -0.00307711 2.72921e-07
-0.426958 2.81553 -0.0572039 0.340624
0.0485861 0.050576 0.0021162 0.00731818
0.0331783 0.0418101 0.00253363 0.00553769
-0.00485384 0.00327598 -0.000528219 0.000403923
-0.00485384 0.00432705 -0.000528219 0.000533468
-0.00485384 0.00557972 -0.000528219 0.000687845
-0.00485384 0.00388015 -0.000528219 0.000478286
0.00173143 9.1684e-07 -0.000433016 1.41027e-07
0.000685884 0.0023906 0.0066459 0.0122056
-0.0113213 0.0368824 -0.0131555 0.0332337
-0.00815097 0.0599323 0.00717691 0.0239853
-0.0680832 0.000327024 0.00717691 8.2839e-05
-0.0680832 0.217468 0.00717691 0.00167093
0.0194188 0.0169797 0.0107811 0.0127695
-0.0462998 0.131039 -0.027706 0.0435735
0.0354272 0.707107 -0.00443033 0.707109
0.0354288 7.14149e-06 -0.00442874 6.58779e-08
0.000345116 0.707107 0.000311978 0.707108
0.0410138 1.91119e-05 0.0102606 1.42186e-06
0.0349041 0.0428544 -0.000412207 0.00587398
0.0216989 0.0337998 0.00118471 0.00616477
0.0687686 1.75497e-06 -0.00764799 7.94543e-07
0.0533959 1.16721e-05 -0.00763044 2.00982e-06
0.0343245 4.51551e-06 -0.00429061 6.50529e-07
0.0231946 0.000171838 0.0116651 6.96848e-05
-4.56333e-05 0.0473984 0.00928477 0.0322835
0.0842643 1.64807e-05 0.00936276 2.09274e-06
0.0396138 2.42673e-06 -0.00495743 8.91066e-07
0.0396206 3.90158e-07 -0.00495303 2.39056e-08
0.0413969 0.0188552 -0.00517462 0.00235711
0.0206446 0.0329804 0.000201321 0.00381617
0.0220285 3.83391e-06 0.00367605 2.45615e-06
0.02199 5.63275e-06 -0.00736726 4.40292e-05
0.0240343 1.25689e-05 0.00602764 4.45559e-06
-3.34418e-05 6.48636e-06 -0.00365899 0.00898946
0.036761 0.0439835 -0.000384693 0.0166619
0.0425562 0.0473237 -1.85715e-06 0.00726542
0.048363 6.27632e-05 -0.00606674 1.60295e-05
0.0484282 1.92048e-05 -0.00605452 2.25347e-06
0.0707015 0.0610122 0.00309805 0.0100036
0.051163 3.2763e-06 -0.00568483 4.08643e-07
0.0401602 0.0082743 -0.00514736 0.00107168

