0.178122 0.0968146 -0.0022539 0.017493
0.167752 0.093948 -0.00206864 0.0169737
0.161442 0.0921687 -0.0021657 0.016565
0.156661 0.0907937 -0.00232208 0.0163257
0.153567 0.0898921 -0.00224 0.0161402
0.149171 0.0885966 -0.00202024 0.0159718
0.146622 0.0878377 -0.00173388 0.015752
0.141153 0.0861811 -0.0025383 0.0155858
0.140561 0.0859996 -0.00229793 0.0153189
0.138835 0.0854695 -0.000775141 0.0152188
0.138751 0.085434 -0.00108474 0.0152561
0.129959 0.0826961 -0.00176234 0.015142
0.136812 0.0848515 -0.00113417 0.0152623
0.129883 0.0826892 8.01932e-05 0.0141306
0.126234 0.0815077 -0.00177463 0.0144556
0.129775 0.0826215 -0.00390537 0.0154489
0.141409 0.0862879 0.00129446 0.0154175
0.142721 0.0866751 -4.26212e-05 0.0148461
0.143522 0.0869136 0.000327083 0.0152672
0.151939 0.0894069 -0.00197887 0.0159535
0.151134 0.0891635 -0.00377489 0.0171978
0.161789 0.0922894 0.00114879 0.0155703
0.158804 0.0914121 -0.00224894 0.0160891
0.182034 0.09781 -0.00977497 0.0182755
0.142028 0.0864493 -0.00194137 0.0152916
0.16016 0.0917484 -0.00774228 0.0162447
0.153238 0.0898128 0.0033005 0.0154078
0.144095 0.0870682 -0.00266179 0.015288
0.162873 0.092573 -0.00291665 0.0160646
0.145665 0.0875169 -0.0067169 0.0170405
0.143105 0.0867838 -0.00245501 0.01757
0.147506 0.0881016 -0.00181639 0.0154564
0.0890532 0.0684263 -0.00352403 0.0120963
0.149492 0.088704 0.000620984 0.0153658
0.11924 0.0792243 0.000989496 0.0137517
0.130668 0.0829115 -0.00309614 0.0152998
0.164655 0.0931067 -0.00136863 0.0168237
0.137012 0.0849138 0.00187132 0.0156597
0.127253 0.0818231 -0.00283776 0.015376
0.148863 0.0885237 0.0025125 0.0152017
0.150159 0.0888993 0.000131299 0.0161113
0.153648 0.0899246 -0.000252322 0.0168078
0.131129 0.0830624 -0.0010463 0.0150599
0.148171 0.0883143 -0.00121867 0.0164381
0.100576 0.0727441 -0.00199567 0.0129572
0.147859 0.0882071 -0.002707 0.0157872
0.144224 0.0871176 -0.00201705 0.0172696
0.144566 0.0872342 0.00155129 0.0157765
0.136301 0.0846975 0.0010138 0.0155974
0.112726 0.0770295 -0.000447499 0.0142602
0.113429 0.077243 -0.00316364 0.0144723
0.0817021 6.02325e-06 -0.00908112 2.23287e-06
0.112271 0.0768501 -0.00254295 0.0129161
0.136055 0.0846118 -0.00229251 0.0162588
0.13354 0.0838252 -0.00181407 0.0143021
0.0940576 0.0703678 0.00195919 0.0135081
0.122121 0.0801784 0.000260561 0.0146204
0.172402 0.0952644 0.000842798 0.0171083
0.113519 0.0773008 0.000553184 0.0137963
0.132722 0.0835696 -0.00201001 0.0142018

0.120025 0.0794655 -0.0021096 0.0143932
0.111785 0.0766938 -0.00250172 0.0138578
0.106107 0.0747129 -0.00188163 0.0133915
0.101787 0.0731811 -0.00188872 0.0131231
0.10068 0.0727789 -0.00221959 0.013058
0.0963669 0.0712008 -0.00186705 0.0128251
0.0936918 0.0702101 -0.00206528 0.0126386
0.0922774 0.0696786 -0.00149179 0.0126538
0.090376 0.0689588 -0.00149536 0.0124602
0.0866834 0.0675337 -0.00193707 0.0124837
0.0844389 0.0666505 -0.00198904 0.0119159
0.0807945 0.0651944 -0.00180876 0.0119674
0.0882686 0.0681524 -0.00201212 0.0127151
0.081165 0.06535 -0.00103442 0.0109952
0.0926916 0.0698475 0.000993326 0.0120367
0.0900302 0.0688363 -0.000514003 0.0121338
0.0848098 0.0667983 -0.00237414 0.0124905
0.10037 0.0726769 -0.00163823 0.0147167
0.0833484 0.0662247 -0.00247498 0.0126662
0.0791365 0.0645255 -0.00171382 0.0125157
0.0852703 0.067005 0.000744159 0.011533
0.0831372 0.0661171 -0.00312951 0.0121339
0.104939 0.0742929 -0.00406037 0.014898
0.0804105 5.3754e-05 -0.0100554 4.37995e-06
0.0965123 0.0712219 -0.00362403 0.0128953
0.0904598 0.0690122 0.000787425 0.0125785
0.103737 8.43828e-06 -0.0115279 1.77842e-06
0.0908782 0.0691287 -0.00192049 0.0129886
0.115412 0.0778551 -0.00845874 0.0163866
0.0720782 0.0615826 -0.00118962 0.0121669
0.0679833 0.0597689 -0.00294051 0.00911073
0.0743439 0.00816141 -0.00826048 0.00103537
0.0736923 0.00225464 -0.0184429 0.000743995
0.0826913 3.935e-05 -0.0118361 7.02337e-06
0.0826913 1.69626e-07 -0.011813 3.02092e-08
0.0863113 0.0673647 -0.00301561 0.0120054
0.0608034 0.056561 -0.00113173 0.0101305
0.0690001 0.0601758 -0.00380661 0.00906257
0.0752175 0.0161691 -0.00835762 0.0025654
0.0789709 0.0637733 -0.0041873 0.0111062
0.0935015 0.0701582 0.00114901 0.0137715
0.0828258 0.0660182 0.000449869 0.0121065
0.0455313 0.0489462 -0.00177526 0.0102772
0.063845 0.0579349 -0.00291173 0.01046
0.0876776 1.28635e-05 -0.0125255 2.21143e-06
0.0939483 0.0702561 -0.0047384 0.0118073
0.0964142 0.0712331 -0.000336013 0.0135246
0.0375776 0.0114617 -0.00469728 0.00204261
0.0375778 0.00477807 -0.00469723 0.000851042
0.0743621 0.0623785 0.000402529 0.00906294
0.0595389 0.0559533 -0.002279 0.0108687
0.0641588 1.11254e-05 -0.00801994 1.81201e-06
0.0675753 1.05039e-05 -0.00750859 1.67498e-06
0.0909914 0.0691834 -0.00220384 0.0121363
0.0725699 0.0617869 -0.0019426 0.0121404
0.0472879 0.0495706 -0.00426131 0.00751997
0.0595476 6.01204e-06 -0.00744345 7.51519e-07
0.0805135 0.0650438 -0.00442045 0.0122094
0.0806502 0.0651284 -0.00276585 0.0111565
0.0913866 0.0693465 -0.00125189 0.0115764

0.0735564 0.0621912 -0.00158147 0.0112059
0.0661025 0.0589743 -0.00111271 0.0107023
0.0613062 0.0567943 -0.00119815 0.0102822
0.0614847 0.0568734 -0.00123371 0.0101483
0.0581588 0.0553149 -0.00136176 0.00979967
0.0563562 0.0544479 -0.00147183 0.00960305
0.0586125 0.0555445 -0.000642255 0.00990481
0.0527926 0.0527031 -0.000894029 0.00929764
0.0494111 0.0509877 -0.00119662 0.00912591
0.0520915 0.052336 -0.00162445 0.0094874
0.053175 0.0528982 -0.000571861 0.00922964
0.0553819 0.0539936 -0.000235749 0.00955998
0.0529288 0.0527764 -0.000317779 0.00932927
0.0435289 0.0478333 -0.00217866 0.00946141
0.0497241 0.0510967 -0.00361982 0.010571
0.0509723 0.0516879 -0.00370431 0.00935377
0.0503174 3.24848e-06 -0.00559616 8.42288e-07
0.0503325 1.32112e-06 -0.00559278 1.64485e-08
0.0570385 0.0547994 0.00133108 0.0104199
0.0493788 0.0505861 -0.00411419 0.00673678
0.0621489 0.0571907 0.000184417 0.0113567
0.0458748 0.0491464 0.00105823 0.00710261
0.0550429 0.0538161 0.000165927 0.0101584
0.0854366 1.42088e-07 0.00949986 1.52603e-06
0.0712395 6.47378e-06 -0.00890857 1.60074e-06
0.0562612 0.0543835 -0.00187146 0.00752709
0.0556538 1.10374e-05 -0.00619316 5.77841e-07
0.0556793 3.83755e-06 -0.00618704 1.5041e-06
0.0556795 5.45787e-10 -0.00618664 5.98884e-09
0.0481304 0.0503104 -0.00168384 0.0101691
0.0685092 0.0600585 0.00246695 0.0125679
0.0696411 0.0605505 0.0013663 0.0103961
0.0716233 0.061405 0.00116749 0.0109176
0.079224 2.20403e-05 0.00880287 8.58607e-08
0.0792227 9.07226e-07 0.00880253 1.01013e-07
0.0397141 0.0457875 -0.00273197 0.00583777
0.0550163 0.0538091 0.00334053 0.0163577
0.0452471 0.0487831 -0.00111729 0.00804002
0.0246324 0.0218015 0.00615961 0.00129025
0.0551523 0.0538497 -0.00253938 0.00901682
0.0596723 2.62561e-05 -0.00748234 9.97081e-06
0.065703 0.0587963 -0.000793023 0.0112888
0.060724 0.0565444 0.0021326 0.00929115
-5.6655e-05 4.26945e-05 -0.0103207 0.0153793
-9.65286e-05 0.000134668 -0.018605 0.0205328
-0.0367779 5.78239e-06 -0.0182337 3.80873e-05
-0.0363908 0.707107 -0.0181951 0.707107
0.026585 0.707107 0.00664664 0.707107
0.0521231 0.0523715 -4.57024e-05 0.00900374
0.0317491 0.0408834 -6.51997e-05 0.0114457
0.0294147 0.0392586 -0.0016242 0.0051282
0.0335017 0.0419994 0.000884731 0.00539774
0.0663322 2.79457e-06 0.00947902 2.31497e-06
0.0866458 0.0675193 -0.00117385 0.011059
0.0544193 0.0480388 0.00777421 0.0104292
0.0641627 3.51112e-06 -0.00713374 1.00418e-06
0.0468242 0.0496447 -0.000148924 0.00804014
0.0222967 0.0342426 -0.000540886 0.00525324
-0.0102386 0.016705 -0.0102014 0.00519785
0.058345 0.0554257 0.00139648 0.00918579

0.0478836 0.0501932 -0.000893458 0.00903694
0.0442294 0.0482403 -0.00108072 0.00861873
0.0426895 0.0473902 -0.000688391 0.0084693
0.039621 0.0456582 -0.000841812 0.00823739
0.0405227 0.0461705 -0.000869788 0.00827394
0.0367654 0.0439825 -0.0011141 0.00778219
0.0366759 0.0439314 -0.000623497 0.00772502
0.0349459 0.0428785 -0.000658104 0.00785238
0.0370728 0.0441664 -0.000356339 0.00812065
0.0349326 0.0428724 -0.000572508 0.00754104
0.035061 0.0429224 -0.00171856 0.00775772
0.0337718 0.042163 0.000398857 0.0073328
0.0211349 1.026e-06 -0.00264364 4.60915e-07
0.0313922 0.0406595 0.00036236 0.00732659
0.0330736 0.0417021 -0.00102795 0.006767
0.0290698 0.0391046 -0.000471173 0.0062988
0.0208816 8.2656e-07 -0.00348146 1.6777e-07
0.0334884 0.0419878 -0.000521369 0.00699544
0.0329923 0.707107 -0.00824912 0.707107
0.032687 0.0414873 0.00157934 0.00728593
0.0460289 0.0491802 -0.00203898 0.00782947
0.0624708 0.0573368 -0.000419596 0.0110933
0.0862744 1.33873e-05 -0.00961557 2.44305e-06
0.0430607 2.66655e-05 0.00478452 2.3493e-06
0.0438569 0.0480205 -0.00136085 0.00750035
0.0471536 0.0497572 -0.00319866 0.0106015
0.0206685 4.4132e-09 0.00344477 3.15267e-09
0.04504 0.0486938 0.000128742 0.00848295
0.0355482 0.0432579 0.000976249 0.00653246
0.0325049 0.0289739 -0.00361832 0.00377106
0.0229341 0.03474 -0.000355544 0.00621422
0.0428659 0.0474948 0.00133961 0.0133993
0.0329304 6.21238e-06 -0.00411632 8.97734e-07
0.0258972 4.27895e-07 -0.00323717 6.47775e-08
0.0418692 4.99379e-06 -0.00465218 6.61207e-07
0.0536933 0.0531226 -0.00105805 0.00807915
0.0388426 0.0452231 0.000608085 0.00727444
0.0255392 0.0366198 -0.00121151 0.00509307
0.025868 2.20165e-05 -0.00647497 9.5635e-06
0.041262 0.0465867 -0.000912395 0.00748864
0.0414608 0.0467181 0.00054767 0.0101907
0.0373699 0.0443604 0.000781695 0.00741775
0.0325039 0.0412938 -0.00179764 0.00613969
0.0207359 0.0330429 0.00049636 0.00592789
0.0345332 0.0426387 -0.00100705 0.00727454
0.0347895 2.16939e-06 -0.00386934 8.67622e-07
0.0602242 0.0563018 0.00134958 0.00933033
0.0415724 0.0467625 -0.000915987 0.00725481
0.0263582 3.11897e-06 -0.0029287 4.06621e-07
0.0345826 0.0235482 -0.00433541 0.00352206
0.0298992 5.15309e-06 -0.00427614 1.22543e-06
0.0424906 0.0472963 0.00108793 0.0078154
0.0240234 2.14268e-06 -0.00267097 6.40533e-07
0.0240306 2.1522e-06 -0.00267007 2.39139e-07
0.0307475 0.0402066 -0.00121798 0.0064756
0.0394479 1.45423e-05 0.0049333 2.5511e-06
0.0802608 0.707107 -0.0200663 0.707108
0.0800935 2.52837e-05 -0.0133494 5.09402e-06
0.057818 5.09063e-06 -0.00963749 8.1631e-07
0.0251603 3.6709e-06 -0.00279565 4.77958e-07

