0.179301 0.0971351 -0.00211306 0.0175678
0.169511 0.0944451 -0.00229768 0.0170425
0.162298 0.092411 -0.00233361 0.0167079
0.157034 0.0909024 -0.00204323 0.0164307
0.152756 0.0896555 -0.00191918 0.016146
0.148788 0.0884846 -0.00188248 0.0158758
0.145893 0.0876171 -0.00231842 0.0157334
0.141383 0.0862537 -0.00199928 0.0154107
0.142435 0.086575 -0.00169612 0.0155873
0.138273 0.0853012 -0.00163125 0.0151986
0.133565 0.0838341 -0.00223222 0.0151437
0.137071 0.0849238 -0.00242525 0.0154291
0.131142 0.0830599 -0.00352845 0.0155153
0.125704 0.0813292 -0.00168129 0.014327
0.1294 0.0825237 -0.000709314 0.0148336
0.133649 0.0838594 -0.00204831 0.0155466
0.122365 0.0802313 -0.00130339 0.0138953
0.122719 0.0803253 -0.00379017 0.0137987
0.149605 0.0887223 -0.00337227 0.0162054
0.154147 0.0900656 -0.00228979 0.0161759
0.126801 0.0816781 -0.00247429 0.0140703
0.147915 0.0882319 0.000130673 0.0167266
0.171143 0.0949151 0.00135606 0.0167934
0.123961 0.0806675 -0.00860259 0.01481
0.143912 0.0870396 -0.000639232 0.0147122
0.153035 0.0897453 -0.000514666 0.0154799
0.14606 0.0876878 0.00291129 0.0152818
0.145754 0.0875821 -0.00140503 0.0154278
0.155785 0.0905485 0.0010936 0.0167404
0.152427 0.0895671 -0.000285068 0.0158727
0.11409 0.0774931 0.000614744 0.0139962
0.134103 0.0839968 -0.0025179 0.0156605
0.152135 0.0894849 0.000516848 0.0158538
0.146496 0.0877991 -0.00364289 0.018215
0.18272 0.098077 -0.00185348 0.0174439
0.1284 0.0822084 0.000515186 0.0146066
0.127159 0.0818054 -0.000393715 0.0147002
0.146774 0.087898 0.000464377 0.0153028
0.13788 0.0851814 -0.00101336 0.0158478
0.113695 0.0773521 -0.000782111 0.0143358
0.142416 0.0865825 0.00199233 0.0166709
0.141825 0.0863911 -0.00138311 0.0151703
0.157896 0.0911648 0.000866941 0.0157176
0.148161 0.0883127 0.00186314 0.0160104
0.116732 0.0783821 -0.000864796 0.0129311
0.134648 0.0841482 -0.00499496 0.0152218
0.138175 0.0175182 -0.0153528 0.00238023
0.139489 0.0856828 0.000644237 0.0154109
0.127262 0.0818339 -0.00164528 0.0140125
0.128814 0.0823025 -0.00534133 0.0155769
0.139974 0.0858559 -0.000363591 0.0150595
0.118259 0.0788953 0.0029728 0.0144839
0.122321 0.0802385 -0.00036107 0.0136999
0.151539 0.0893079 -0.00241379 0.0154252
0.116364 0.078213 -0.00510128 0.0137026
0.124501 0.0809514 0.000682877 0.0147447
0.145921 0.087612 -0.00410113 0.0154738
0.148758 0.0884844 0.00162139 0.0158526
0.102848 0.0735149 -0.00536139 0.0127497
0.0933407 0.0700613 -0.00348129 0.0135838

0.121208 0.0798584 -0.00218411 0.0143913
0.114898 0.0777489 -0.0021398 0.0140255
0.109643 0.0759509 -0.00190535 0.0137996
0.103025 0.0736258 -0.00202225 0.0133169
0.0990816 0.0722015 -0.0022934 0.0131273
0.0980284 0.0718149 -0.00195043 0.0128275
0.093285 0.0700561 -0.00197713 0.0126824
0.0907705 0.0691057 -0.00167588 0.0124711
0.0894031 0.0685844 -0.00163228 0.012237
0.0839747 0.0664701 -0.00216771 0.0119981
0.0865707 0.0674884 -0.00187319 0.0122839
0.0853369 0.0669979 -0.0021054 0.0124768
0.0830216 0.0660894 -0.00144611 0.0120996
0.0771381 0.0637027 -0.00236316 0.0117165
0.0933953 0.0701226 0.000391461 0.0121157
0.0863894 0.0674239 -0.000784098 0.011707
0.0745787 0.0626331 -0.00181378 0.0105821
0.0907773 0.0691274 -0.00220924 0.0128318
0.0987944 0.0721007 -0.00159589 0.0124924
0.0727869 0.0619037 0.000519799 0.0107036
0.0821384 1.22828e-05 -0.00912654 1.95657e-06
0.0879104 0.0679946 -0.00285274 0.0130768
0.087009 0.0676624 -0.00171802 0.0136606
0.0981703 0.071843 -0.00304717 0.0123406
0.0925833 0.0697949 -0.00177316 0.0139606
0.0956236 0.0707239 -0.00764942 0.0115271
0.0857617 0.0671557 -0.00390788 0.0126765
0.0778567 0.0639963 -0.00278612 0.0159766
0.102931 0.073608 0.00113508 0.0152687
0.0856553 0.0671236 -0.00218555 0.0112672
0.0814722 0.0654488 -0.00310294 0.0118714
0.057677 3.12712e-06 -0.00961288 5.21196e-07
0.0754097 0.0629864 -0.00108453 0.0116916
0.115827 0.0780788 -0.00120258 0.0147522
0.0894536 0.0685612 -0.00467365 0.012639
0.0779292 0.0640091 -0.00239371 0.0113017
0.0721805 0.0616239 -0.00269904 0.012682
0.0821863 0.0657526 -0.00291512 0.015619
0.118571 0.078997 -0.000266519 0.0139573
0.0805727 0.0651103 -0.0014319 0.0123285
0.0721511 0.0614793 -0.00547131 0.0109314
0.0937355 0.0702397 0.000312736 0.0128652
0.0790483 5.82946e-06 -0.00878316 7.64107e-07
0.099433 0.0723271 0.000646536 0.0126048
0.0835924 0.0662674 -0.00449093 0.0112981
0.082662 0.0659635 0.00110689 0.0121019
0.0881114 0.0681081 0.000936893 0.0123723
0.0773521 0.0637957 -0.000457256 0.0107184
0.0758187 7.06119e-06 -0.00843588 9.97417e-07
0.069932 0.0606724 0.000452515 0.00981447
0.0906469 0.069 -0.00526754 0.0135145
0.078437 0.0642604 0.00144885 0.011462
0.0694468 0.0603536 -0.00449731 0.011038
0.0714661 0.0612947 -0.00421985 0.013095
0.0807561 0.0611449 -0.00916557 0.00815963
0.0950355 0.070734 0.00420296 0.0120432
0.0985348 0.0719092 -0.0060905 0.0124363
0.0839523 0.066462 -0.00138613 0.01197
0.0600054 0.0561332 -0.00302232 0.00846917
0.100686 0.0727893 -0.00108238 0.0117305

0.0723137 0.061682 -0.00130939 0.0110929
0.0677897 0.0597171 -0.00111299 0.0108357
0.0647667 0.0583761 -0.000926676 0.0105222
0.0606036 0.0564694 -0.00128846 0.010238
0.0591436 0.055783 -0.000836401 0.00991662
0.0585963 0.0555199 -0.00121917 0.00976968
0.0539851 0.0532916 -0.00118644 0.00966123
0.0533527 0.0529788 -0.00116457 0.0095643
0.0549509 0.0537766 -0.000627063 0.00952756
0.0506379 0.0516161 -0.00114827 0.00939866
0.0463774 0.0494027 -0.000265541 0.00898325
0.0509359 0.051768 -0.000872824 0.00906013
0.0488998 0.0507235 -0.000653713 0.00937738
0.0478931 0.0502084 -0.00200016 0.0135728
0.055264 0.0539682 0.00162458 0.00907138
0.0469501 0.0497177 0.00106551 0.0074601
0.0640561 0.0580781 0.00197177 0.00939018
0.0659905 0.0589395 -0.000178087 0.0108221
0.0669166 0.0593365 -0.0011988 0.0117913
0.045049 0.0487015 0.000519931 0.00796352
0.0381493 0.0447848 -0.00180877 0.00995409
0.0620842 0.0571703 0.0012437 0.00873845
0.0551515 0.0538988 0.00150136 0.00906376
0.0718448 0.0614513 -0.0044639 0.0137158
0.0485872 0.0505314 -0.00218119 0.00938094
0.0375333 0.0444251 -0.00131348 0.00789434
0.0366093 0.0463322 -0.00406939 0.00581702
0.0499734 0.0512749 -0.000914737 0.00898225
0.0548413 6.10368e-06 -0.0060935 8.0261e-07
0.0609157 0.0566264 0.000667635 0.0106935
0.0650155 0.0584975 0.000127838 0.0123467
0.0581714 0.0553505 0.00213072 0.0105112
0.043245 3.32089e-08 -0.00540565 2.8991e-06
0.0654808 0.058489 -0.000745096 0.00909568
0.0398161 0.0488542 -0.00311713 0.00681105
0.0571022 0.0548276 0.000970967 0.00874955
0.0545449 0.0535758 0.000195287 0.00866022
0.056329 0.0543746 -0.00298451 0.00853627
0.0330887 0.0417152 -0.00113641 0.00896418
0.0405834 0.046227 0.00129017 0.00749161
0.0571755 0.0548165 -0.00252459 0.00931692
0.0550134 0.707107 0.00611269 0.707107
0.0661276 0.0590067 0.00246817 0.00959316
0.0628751 0.0575472 0.00280724 0.0100477
0.0569364 0.0547419 0.000354965 0.0121157
0.0397893 6.85046e-06 0.00442368 9.90266e-07
0.0647918 3.0206e-06 -0.00720283 9.65891e-07
0.0305482 0.0401049 0.00082389 0.0070962
0.061591 0.056896 -0.0032823 0.0112239
0.050002 0.0512853 -0.000757463 0.0084391
0.0605051 0.0564137 -0.00123703 0.00847821
0.0465161 0.0494425 -0.00214294 0.00914629
0.0344479 0.0391939 0.00382779 0.00679126
0.0488344 0.0508356 0.0019518 0.00829416
0.0602298 0.0563006 -0.00027804 0.010715
0.0381475 0.0448174 0.00112477 0.00673947
0.0662409 0.0590422 -0.000345201 0.00931006
0.0584289 0.0119087 -0.00730362 0.00181911
0.0618794 3.6932e-06 -0.0068804 6.20012e-07
0.0579605 0.0552074 -0.00174442 0.0109953

0.046541 0.0494833 -0.000780184 0.00901007
0.0457889 0.0490846 -0.000589555 0.00875164
0.0430477 0.0475924 -0.00079393 0.00851758
0.0424734 0.047271 -0.000565418 0.00852412
0.0393881 0.0455242 -0.000704114 0.00807438
0.0388831 0.0452303 -0.000283338 0.00830069
0.0375754 0.0444655 -0.000488265 0.00817093
0.0363444 0.0437253 -0.000754202 0.00770997
0.0363235 0.0437183 -0.000463775 0.00763069
0.0356894 0.0433295 -0.000861419 0.00814832
0.0323619 0.041223 -0.00184362 0.00742991
0.0321423 0.0411299 -0.000467461 0.00705055
0.0327326 0.0415037 -0.000265996 0.0074637
0.0342961 0.0424799 -0.000475549 0.00812363
0.0371135 0.0441829 -0.000777997 0.00761497
0.037014 0.0441424 0.000368409 0.00758903
0.049269 0.0509343 0.00288662 0.0101763
0.0298958 0.0396605 -0.000475651 0.0091242
0.0273733 0.0379458 -0.000448311 0.00535425
0.0288648 0.0421557 -0.00369551 8.9309
0.0294911 1.36519e-06 -0.00369103 5.91268e-07
0.0238607 5.73756e-06 -0.00340874 9.56151e-07
0.0602745 0.707107 0.00753433 0.707107
0.0602745 0.000975024 0.00753433 0.00097322
0.0636564 7.13661e-05 0.00707295 7.92968e-06
0.0638419 0.057936 -0.0021994 0.00923636
0.0597151 8.49396e-05 -0.0199052 5.58736e-07
0.0682305 0.0351862 -0.0170587 0.011392
0.078332 0.091958 -0.0135763 0.0199032
0.0700775 3.42097e-05 -0.00877497 2.54595e-06
0.069779 6.79089e-06 -0.00872241 9.81067e-07
0.0496085 0.0511129 0.00166426 0.00778699
0.0235317 3.29849e-07 -0.00261471 3.95046e-08
0.0235319 8.54132e-09 -0.00261466 9.49036e-10
0.0106595 0.0219482 0.00181244 0.0044107
0.019994 5.87133e-06 -0.0049987 1.95576e-06
0.036252 0.0436921 0.00186935 0.00731879
0.0508411 0.0517588 0.00305511 0.00867253
0.00641866 0.707107 -0.00642015 0.707107
0.0320136 0.0348175 0.00533848 0.00788043
0.0206391 0.0329552 -0.000131496 0.00487516
0.0328838 0.0368179 -0.00349957 0.00435486
0.0243418 8.25988e-07 -0.00347887 7.51175e-08
0.0408146 0.0463327 -0.000918497 0.00651108
0.00591654 0.0176543 -7.98338e-05 0.00258131
0.0296802 1.62666e-06 -0.00424005 2.70873e-07
0.00734063 6.53918e-06 -0.00184781 4.92686e-06
0.0475126 2.55409e-06 -0.00792542 1.8454e-06
-0.000359418 0.707252 0.00893975 0.707107
0.0120057 0.0377405 0.0120361 0.00820681
0.0177372 1.33314e-05 -0.00221726 1.96086e-06
0.0408737 0.0464878 0.000285067 0.00727678
0.0465304 0.0325099 -0.0155101 0.0148877
0.0465304 2.46966e-07 -0.0155101 8.23258e-08
0.0467945 0.707107 0.00520013 0.707117
0.0334493 2.00515e-05 -0.00669126 5.59216e-06
0.0536579 3.22647e-06 -0.00671648 1.25002e-06
0.0336176 0.0420663 0.00180686 0.00570509
0.00923584 8.61533e-06 -0.00463055 4.5429e-06
0.0521742 0.0524224 0.0024848 0.00977206

