0.178259 0.0968512 -0.0023663 0.0175476
0.167959 0.0940057 -0.0020938 0.0169897
0.162294 0.0924154 -0.0022242 0.0166687
0.15654 0.0907609 -0.00221974 0.0163457
0.152971 0.0897187 -0.00225722 0.0161401
0.149993 0.0888401 -0.00223803 0.0160282
0.145869 0.0876101 -0.00206038 0.0157692
0.143666 0.0869462 -0.00219093 0.0156619
0.140022 0.0858379 -0.00164868 0.0153581
0.13579 0.0845298 -0.0020976 0.0152313
0.135768 0.0845322 -0.00202958 0.0151981
0.130552 0.0828817 -0.00180373 0.0148611
0.130929 0.083001 -0.00214859 0.014796
0.124128 0.0808125 -0.00189972 0.0144562
0.128377 0.0821945 -0.00107914 0.0146909
0.134549 0.0841505 -0.000439427 0.0151488
0.130963 0.0830165 -0.00139479 0.015159
0.135192 0.0843382 -0.00247916 0.0154786
0.134001 0.0839689 -0.00142153 0.0153214
0.138378 0.0853303 -0.0018406 0.0150519
0.135595 0.0844848 0.00167712 0.0154039
0.145132 0.0873988 8.24524e-05 0.0160183
0.151156 0.0891889 -0.00112158 0.0164964
0.155476 0.0904671 0.00119899 0.0165765
0.140407 0.0859547 -0.00139496 0.0157074
0.146241 0.0877199 -0.0022108 0.0159713
0.146667 0.08784 -0.00351416 0.015467
0.14765 0.0881346 -0.00353602 0.0160942
0.143212 0.0868023 -0.00254716 0.0153333
0.143432 0.0868632 -0.00372555 0.0158195
0.131889 0.0833031 -0.0010949 0.0143734
0.141245 0.0861912 -0.00378695 0.0163449
0.146402 0.087777 -0.0023686 0.0158814
0.150859 0.089114 7.07239e-05 0.0157596
0.159055 0.0914653 -0.00490044 0.0158154
0.143269 0.0868189 -0.00108592 0.0159416
0.135847 0.0845478 -0.00204801 0.0155499
0.143727 0.0869811 0.000625827 0.0157054
0.148826 0.0884965 -0.00120365 0.0158766
0.132458 0.0834769 -0.00369443 0.0147834
0.120245 0.0795402 -0.00182608 0.0147081
0.144719 0.0872709 -0.000966824 0.0163711
0.129761 0.0826237 -0.00275428 0.0141634
0.126088 0.0814708 0.00133127 0.0143547
0.128605 0.0822765 -0.00191991 0.0139273
0.13518 0.0843441 -0.00159553 0.0158335
0.133258 0.0837303 -0.00285437 0.0144767
0.131208 0.0830998 -0.000508349 0.0147062
0.131646 0.0832342 -0.00102334 0.0147669
0.135943 0.0846018 -0.000128538 0.0156943
0.130785 0.0829619 -0.000858011 0.0150126
0.132049 0.0833659 -0.000347825 0.0148933
0.117474 0.0786312 0.00022306 0.0146776
0.134157 0.0840216 -0.00215545 0.0154713
0.14344 0.0868851 -0.00150709 0.0153225
0.131854 0.0832956 -0.00066233 0.0144123
0.125537 0.081279 -0.00120348 0.0152655
0.127722 0.0819863 -0.000790357 0.0149756
0.124506 0.0809569 -0.000292182 0.0142127
0.11915 0.0791903 0.00010132 0.0143548

0.120996 0.0797827 -0.00227991 0.0144728
0.112942 0.0770787 -0.00210629 0.0139293
0.107491 0.0752037 -0.00214717 0.0135139
0.103803 0.0739023 -0.00210558 0.0132744
0.0989303 0.0721459 -0.00237858 0.012994
0.0964436 0.0712332 -0.00191749 0.0127789
0.0934882 0.0701328 -0.00193494 0.0125936
0.090504 0.0690048 -0.00190314 0.0123717
0.0895806 0.0686499 -0.00196434 0.0123334
0.0859155 0.0672307 -0.00153122 0.0119499
0.0856809 0.0671406 -0.0016845 0.0120871
0.083707 0.0663643 -0.00156659 0.0120954
0.0825715 0.0659127 -0.00150056 0.0119002
0.0791879 0.0645475 -0.00115409 0.0116601
0.0852871 0.0669912 -0.00136393 0.0121117
0.0746732 0.062685 -0.00206775 0.0111038
0.0841307 0.0665297 -0.00178175 0.011762
0.0838908 0.0664544 0.000420035 0.0120279
0.0894457 0.0686187 0.0012327 0.0130455
0.0897872 0.068748 0.000894546 0.0118091
0.0893616 0.0685652 -0.00201822 0.0121677
0.0937853 0.0702556 -0.000491652 0.0124462
0.101178 0.0729432 -0.00253434 0.0126619
0.0965883 0.0712969 -0.000380481 0.0130329
0.0862958 0.0673554 -0.00286059 0.012238
0.0922347 0.0696174 -0.00357681 0.0114793
0.0993487 0.0723126 -0.000901277 0.0125757
0.0934831 0.0701369 -0.00131688 0.0129933
0.106202 0.0747647 -0.00179109 0.013004
0.0847813 0.0667745 -0.0028342 0.0121256
0.0787398 0.0643585 -0.0014824 0.011486
0.068871 0.0601955 -0.0016705 0.0102104
0.100185 0.0726293 -0.00018245 0.0133316
0.0782364 0.0641557 -0.00165475 0.0112594
0.0978365 0.0717441 -0.00267005 0.0128469
0.0866176 0.0674958 -0.00246566 0.0124374
0.0857243 0.0671699 -0.000317332 0.0117793
0.1016 0.0731329 -8.99935e-06 0.0140329
0.0882198 0.0681317 -0.000693939 0.0118111
0.0955484 0.0708649 -0.00466626 0.0126516
0.0859927 0.0672683 0.000168898 0.0129174
0.0870029 0.0676647 -0.000664103 0.0124285
0.0852729 0.0670005 0.00072785 0.0112259
0.0889868 0.0684378 0.000248677 0.0122015
0.0785377 0.0642918 0.0010927 0.0112522
0.0796474 0.0647459 -0.00192044 0.0131283
0.0782064 0.0641238 -0.00328448 0.0119035
0.0712354 0.0612215 -0.00103416 0.0110313
0.074729 0.0626661 -0.00361216 0.0107915
0.0971376 0.0715071 0.00102028 0.0126628
0.0935976 0.070189 0.000400364 0.0125572
0.0852073 0.0669462 -0.00244839 0.0116517
0.0804906 0.0650206 -0.00525417 0.0123068
0.0813092 0.0654023 -0.00226174 0.0127168
0.0800139 0.0648742 -0.00158327 0.0111076
0.068796 0.0601761 0.000446555 0.0115634
0.0828045 0.0659939 -0.00263873 0.0121114
0.0721575 0.0616041 -0.00116975 0.0118186
0.0709764 0.0611108 -0.00119868 0.0109635
0.0798451 0.0648259 3.97135e-05 0.0118227

0.072002 0.0615457 -0.00142875 0.0110946
0.0673681 0.0595329 -0.0013635 0.0107218
0.0636236 0.0578527 -0.00120638 0.0103928
0.0620146 0.0571217 -0.0011049 0.010304
0.0589351 0.0556842 -0.00136294 0.00997852
0.057437 0.0549708 -0.00100658 0.00991555
0.0569862 0.0547536 -0.00124363 0.00993514
0.0549682 0.0537746 -0.00105019 0.00960974
0.0531438 0.052876 -0.0012698 0.0095584
0.0527612 0.0526834 -0.00104294 0.00940266
0.0529233 0.0527679 -0.000912037 0.00915494
0.0511792 0.051892 -0.000732171 0.00939875
0.0508446 0.0517044 -0.00156186 0.00955197
0.0492954 0.0509179 -0.00114307 0.00865631
0.0530951 0.0528661 -7.5253e-05 0.00923225
0.0538126 0.0532212 0.00123214 0.0093779
0.0487091 0.0506211 -0.000930429 0.00981528
0.0449878 0.0486582 -0.000143303 0.00896748
0.0570902 0.054812 -0.00111161 0.0103158
0.0557893 0.0541806 -0.000250681 0.00993166
0.0506548 0.0516171 -0.0012019 0.0094238
0.0488481 0.0506689 -0.00252615 0.00996825
0.0523539 0.0524964 0.000540514 0.00911735
0.0583361 0.0553832 -0.000859083 0.00951909
0.0572473 0.0548745 -0.00140234 0.00946375
0.0548434 0.0537122 -0.000632061 0.0104489
0.0483828 0.0504264 -0.00197251 0.00807045
0.05007 0.0513623 0.000769125 0.0102194
0.0676101 0.0596522 -0.000712367 0.010607
0.0581061 0.0552936 0.000610316 0.00971024
0.0589291 0.0556882 -0.000738969 0.0108726
0.0604991 0.0564202 -0.000860704 0.00993552
0.051225 0.0519215 0.000272244 0.0109484
0.0608155 0.0565766 -0.000378487 0.0105061
0.0748652 2.99333e-05 -0.0106954 5.42102e-06
0.0520425 0.0523208 -0.000947926 0.00890654
0.0656472 0.058778 -0.000579918 0.0107867
0.0538448 0.0532401 0.000157001 0.0100349
0.0646925 0.0583409 -0.00137976 0.0100683
0.0699585 0.0606674 -0.00163393 0.0114025
0.0581955 0.0553641 0.00111482 0.00929331
0.0494185 0.0509707 -0.00175083 0.00790557
0.0520161 0.0523168 -0.00126799 0.00872508
0.0538037 0.0531869 -0.00205428 0.0103956
0.0369852 2.35274e-06 0.00462592 1.20785e-06
0.0468286 0.0496412 0.000263996 0.00851264
0.0334016 0.0419128 -0.000782342 0.00732204
0.0540886 0.0533543 -0.000111067 0.0094595
0.0391096 0.0453601 -0.00104888 0.00760668
0.0682812 0.0599526 0.000747905 0.00986587
0.0655406 0.0587316 -0.000266744 0.0108079
0.052992 0.0528016 -0.00112689 0.010448
0.0389558 4.18018e-06 -0.0048695 5.22526e-07
0.061428 0.0568643 0.00138284 0.0104662
0.0611547 0.0567274 -0.00109094 0.0101581
0.0523902 0.0525167 0.000835996 0.00958469
0.0261012 1.38565e-06 -0.00372939 8.33036e-07
0.0592574 0.0558567 0.00175243 0.0092537
0.0418647 0.0468914 -0.00217536 0.007422
0.0490211 0.0507337 -0.00272495 0.00928031

0.0475238 0.0500029 -0.000881843 0.00900962
0.0442942 0.0482694 -0.000737013 0.00868855
0.0427646 0.047434 -0.000777041 0.0085254
0.0407907 0.0463266 -0.000647067 0.00826244
0.0396085 0.0456497 -0.000783082 0.00822803
0.0385237 0.045019 -0.000742358 0.00811113
0.0381688 0.0448139 -0.000669568 0.00799504
0.0384273 0.0449675 -0.000614632 0.00803677
0.0336712 0.0420862 -0.000700218 0.00764556
0.0352422 0.0430556 -0.00080378 0.00779894
0.0352521 0.0430708 -0.000216552 0.00734563
0.0337889 0.0421618 1.288e-05 0.00769964
0.0312225 0.0405306 -0.000358794 0.00723484
0.0323914 0.0412909 5.3159e-05 0.00724701
0.036609 0.0439004 0.000610704 0.00779625
0.0343618 0.0425295 0.000269415 0.00725396
0.0276011 0.0381161 -0.000267123 0.00774273
0.0230697 0.0348851 -0.00243823 0.00516185
0.0325204 0.041373 -0.000738449 0.00827611
0.0340411 0.0423112 -0.00113787 0.00831287
0.0435806 0.0478316 -0.00252174 0.00810906
0.036497 0.0437959 -0.00184778 0.00815455
0.0450264 0.0486846 0.000419117 0.00830836
0.0290606 0.0391219 0.00145479 0.00646284
0.0342707 0.0424883 2.94353e-06 0.00647694
0.0390994 8.2667e-06 -0.00558605 1.52262e-06
0.039462 0.0455581 -0.00117087 0.00931926
0.0371389 1.48566e-05 -0.0041266 1.21763e-08
0.0398561 0.0458072 0.000633824 0.00684672
0.026388 2.11736e-06 -0.00330177 1.24914e-06
0.0388027 0.0452087 0.00140734 0.00686762
0.030338 0.0399698 0.00139217 0.00642169
0.0469338 0.0497065 0.000698612 0.00868226
0.0208185 0.0331004 -7.89097e-05 0.00736238
0.0317472 0.0408848 0.00097115 0.00844059
0.0421567 0.047081 -0.00142641 0.00789705
0.0369469 0.0440695 -0.000912644 0.00895702
0.0318092 0.040923 0.00120555 0.00845775
0.0355746 0.0432872 0.00197659 0.0075763
0.0364459 0.0438079 0.000954985 0.00829861
0.043118 0.0476273 0.00160811 0.00758566
0.0303313 0.0399545 1.45965e-05 0.00655672
0.0347333 0.042759 0.000743476 0.0076706
0.0286221 0.0388156 0.000320099 0.00652089
0.0403998 0.0461086 -0.000446798 0.00790025
0.0262451 0.0371754 0.00137545 0.00751544
0.0309323 0.0403566 0.000174717 0.00708723
0.0292563 0.0392459 0.00123917 0.007174
0.0147636 3.92606e-06 -0.00164043 5.76165e-07
0.0335265 0.0415086 -0.00103719 0.00790454
0.0320867 0.0410838 -0.00121529 0.0100297
0.0249649 7.35579e-06 -0.00416683 8.98098e-07
0.0249791 4.53446e-06 -0.00416321 5.54285e-07
0.0199297 5.39598e-06 -0.00284973 1.53193e-06
0.0336926 0.0421108 -4.37959e-05 0.00818306
0.0127554 2.55445e-05 -0.00644725 5.09863e-06
0.0159449 0.0285072 0.00227803 0.00518469
0.0324443 0.0260779 0.00437467 0.00377182
0.0217965 0.033869 -9.9304e-05 0.0063029
0.0296113 0.039472 -0.00037172 0.00539672

