0.17806 0.096798 -0.00221568 0.0175823
0.167726 0.0939453 -0.00224637 0.0169475
0.161168 0.0920892 -0.0020868 0.0166193
0.157001 0.0908943 -0.00218425 0.0163717
0.1529 0.089698 -0.00216319 0.0161469
0.148755 0.0884725 -0.00229827 0.0159819
0.145018 0.0873564 -0.00200523 0.0157862
0.142036 0.0864513 -0.00229311 0.0156002
0.138104 0.0852456 -0.00185241 0.0152237
0.139955 0.0858151 -0.00204525 0.0155204
0.131534 0.0831919 -0.00202639 0.0147012
0.13328 0.083747 -0.00155879 0.0151737
0.132085 0.0833649 -0.00178697 0.0150047
0.126696 0.0816496 -0.00194487 0.01492
0.129495 0.0825487 -0.00166605 0.0151815
0.13492 0.0842615 -0.00171562 0.0151538
0.13806 0.0852398 -0.000877213 0.0152659
0.142971 0.0867388 -0.00144856 0.0157919
0.132327 0.0834425 -0.000939842 0.0146511
0.140467 0.0859813 -0.000522161 0.0159428
0.129914 0.0826766 -0.00231313 0.0149495
0.140309 0.0859354 -0.00207894 0.0153885
0.148159 0.0882942 -0.00239315 0.0158842
0.156453 0.0907362 -0.00190706 0.0156941
0.15309 0.0897466 -0.00364072 0.0162416
0.145225 0.0874283 4.80176e-05 0.0161977
0.150161 0.0888975 -0.000228606 0.0164316
0.150094 0.0888632 -0.00308062 0.0155668
0.137323 0.085015 -0.00106584 0.0155249
0.148063 0.0882797 0.000838252 0.0154567
0.138722 0.0854432 -0.000690093 0.0144394
0.142248 0.0865288 0.000377839 0.0150201
0.144903 0.0873269 -0.00062966 0.0157661
0.141014 0.0861382 -0.00364303 0.0158482
0.153599 0.089905 -0.0012737 0.0162001
0.139793 0.0857634 -0.00140299 0.0155605
0.148867 0.088501 -0.00301228 0.0163465
0.131992 0.0833196 -0.00268159 0.0148924
0.139988 0.0858313 -0.000861566 0.0148611
0.132375 0.0834443 -0.00334275 0.0144858
0.139608 0.085717 -0.000840862 0.0153078
0.138856 0.0854733 -0.00236819 0.0148675
0.149601 0.0887311 -0.00107795 0.0158883
0.132018 0.083339 -0.00203219 0.0145489
0.125515 0.0812743 -0.000782296 0.0144989
0.124098 0.0807908 -0.00345152 0.0144257
0.124521 0.0809399 -0.00290984 0.0153737
0.137689 0.0850838 -0.00498791 0.0150777
0.123721 0.0806716 -0.00342147 0.0141078
0.106209 0.0747493 -0.00334553 0.0138032
0.123949 0.0807534 -0.00331314 0.0151388
0.133632 0.0838424 -0.00378762 0.0150821
0.136373 0.0847063 -0.00312393 0.0159823
0.128404 0.0821952 -0.000322478 0.0146307
0.1335 0.0837852 -0.00322581 0.0148461
0.119816 0.079413 0.000503652 0.0144256
0.13331 0.0837602 -0.00110608 0.014923
0.120417 0.0795968 -0.00128157 0.0142101
0.1094 0.0758707 -0.00185766 0.0139835
0.128145 0.0821377 -0.00163996 0.0151678

0.121018 0.0797994 -0.00234609 0.0144789
0.111706 0.076651 -0.0021093 0.0138751
0.107379 0.0751654 -0.00184845 0.0135881
0.103629 0.0738412 -0.00211176 0.0132961
0.0996869 0.0724218 -0.00203986 0.0130103
0.0944972 0.0705075 -0.001983 0.0126474
0.0936737 0.0701944 -0.00186857 0.012593
0.0901512 0.0688687 -0.00175956 0.0123149
0.0861084 0.0673066 -0.00231503 0.0121934
0.0860922 0.0672959 -0.00224218 0.0121275
0.0855624 0.0671004 -0.00084629 0.0120537
0.0783812 0.064217 -0.00176688 0.011424
0.083467 0.0662752 -0.000698791 0.0116115
0.0806263 0.0651245 -0.00231278 0.0118074
0.0821877 0.0657698 -0.000273847 0.0120281
0.0774189 0.0638246 -0.00153299 0.0116426
0.0733852 0.0621423 -0.000841986 0.0112263
0.0804931 0.0650571 -0.00250949 0.0113235
0.0898682 0.0687567 -0.00252302 0.0132637
0.0888325 0.0683868 0.00017531 0.0118596
0.0765304 0.0634618 -0.000540543 0.0119811
0.08961 0.0686857 1.73289e-05 0.0118706
0.0923339 0.0697115 0.000187185 0.0118088
0.100509 0.072729 -0.000791873 0.0127454
0.105173 0.0743995 -0.000293921 0.0133578
0.0937744 0.0702394 -0.00225257 0.0130221
0.0914704 0.069388 0.000246459 0.0123476
0.0946421 0.0705691 -0.00089171 0.0131601
0.0884687 0.0682491 0.00287996 0.0122093
0.0785505 0.0642799 -0.00138402 0.0116466
0.0787552 0.0643488 -0.00317418 0.0117214
0.0748514 0.0627391 -0.00227975 0.0121217
0.0869187 0.067631 -0.000520501 0.0126101
0.0938975 0.0703026 0.000514706 0.0116634
0.0917742 0.0695116 0.00015717 0.0113731
0.07851 0.0642711 -0.0020078 0.0110917
0.0992009 0.0722504 -0.00174557 0.0131168
0.0849939 0.0668792 -0.000561145 0.0118027
0.0853187 0.0670105 -0.00018334 0.0126905
0.0815773 0.0655192 -0.0011293 0.0111405
0.0881157 0.0681014 0.000122011 0.0120738
0.0853838 0.0670352 -0.00247455 0.0121851
0.0763377 0.0633457 -0.0034677 0.0113695
0.0950778 0.0707534 -0.000795477 0.0131929
0.0893462 0.0685595 -0.00194596 0.0126662
0.0822476 0.0657843 -0.00270575 0.011924
0.0849737 0.0668744 -0.000659559 0.0114888
0.0935545 0.0701542 -0.00209428 0.012185
0.0818794 0.065641 -0.000407034 0.0123365
0.0790354 0.064485 -0.00169232 0.0128517
0.0815194 0.0655028 -0.000362293 0.0121981
0.0826965 0.0659634 -0.00036777 0.0119212
0.090929 0.0691764 -0.000814574 0.0119878
0.0860233 0.067247 -0.00347187 0.011029
0.0727191 0.061843 -0.00210138 0.0101882
0.0892796 0.0685514 -0.00122273 0.012287
0.0875203 0.0678771 0.00138336 0.0122681
0.0794276 0.0646234 -0.00329825 0.0120714
0.0794911 0.0646565 -0.00307201 0.0130094
0.0774083 0.063842 0.000204099 0.0114224

0.0726716 0.0618496 -0.00143032 0.0111299
0.0669307 0.0593306 -0.00123175 0.0107294
0.0641584 0.0580992 -0.0012886 0.010415
0.0622148 0.0572114 -0.00113166 0.0103202
0.059813 0.0560972 -0.00134264 0.0100265
0.0565307 0.0545355 -0.00110887 0.0098198
0.0557565 0.0541648 -0.0012217 0.00984647
0.0535293 0.0530666 -0.00127659 0.0094857
0.0521673 0.0523861 -0.00130669 0.00929612
0.0522041 0.0524086 -0.000901373 0.00951103
0.0525174 0.0525639 -0.00101604 0.00937922
0.0500943 0.0513358 -0.000793341 0.00888813
0.0509567 0.0517805 -0.000736054 0.00921835
0.0478349 0.0501412 -0.00178673 0.00886847
0.0520372 0.0523637 0.000503913 0.00914886
0.0408423 0.0463744 -0.000189417 0.0077127
0.0453859 0.0488728 -0.000482274 0.009835
0.0512277 0.0519279 0.000318969 0.00938445
0.0408785 0.0463932 -0.000507401 0.00926066
0.0520646 0.0523487 -1.54886e-05 0.00880409
0.0473768 0.0499367 0.000491478 0.00893221
0.0603323 0.0563524 8.18955e-05 0.00983234
0.0547074 0.0536471 -0.000721945 0.00907246
0.0539941 0.0532729 -0.00219923 0.0111198
0.0451632 0.0487258 -0.00207422 0.00943364
0.0536841 0.0531406 -0.00176138 0.00992068
0.0465683 0.0495091 0.000340109 0.00957571
0.0616262 0.0569761 0.00161577 0.00943289
0.0513622 0.0519784 -0.00128927 0.009325
0.0653777 0.0586705 -0.000622112 0.00966772
0.0583353 0.0553945 -0.00151257 0.00958309
0.0503443 0.0514704 -0.000589276 0.0105999
0.0588008 0.0556276 0.00010072 0.00979152
0.0573158 0.0549339 0.00157356 0.0101839
0.0696745 0.0605492 -0.000746591 0.0109475
0.0299136 4.6891e-06 -0.00332412 1.22996e-07
0.0551735 0.0538468 -0.00309429 0.0099204
0.0567024 5.8835e-06 -0.00630034 7.67424e-07
0.0666108 0.0592101 0.000514574 0.0105809
0.0505658 0.0515931 0.000650706 0.00913177
0.0582732 0.055361 -0.00179557 0.0104143
0.0567735 0.0546716 0.000290245 0.0099382
0.0547968 0.0536646 -0.00223211 0.00841703
0.0521352 0.0523682 -0.00133752 0.00966602
0.0616531 0.0569817 0.000506298 0.0110568
0.0561943 0.054382 -0.000146802 0.00928263
0.0398981 0.0458068 -0.000249544 0.00944159
0.0510214 0.0518342 -0.000534667 0.00905207
0.0448753 0.0485375 -0.00249295 0.00739007
0.0507436 0.0516337 -0.00253916 0.00882211
0.0384747 0.0449846 0.000175853 0.00715993
0.0668576 0.0593119 -0.00185527 0.0110228
0.0439919 0.0481129 -0.000422846 0.00841447
0.0276998 0.0381882 -0.000113542 0.00726211
0.0449487 0.0486452 0.000450413 0.00823417
0.0534453 0.05304 0.00131483 0.00882741
0.0543695 0.0534959 0.000209149 0.00915069
0.0450707 0.048637 -0.00281129 0.00823572
0.0412675 5.05659e-06 -0.00458677 9.32846e-07
0.0412425 3.58519e-06 -0.00458253 3.9839e-07

0.0466867 0.0495564 -0.000928643 0.00898024
0.0448756 0.0485902 -0.000817657 0.0087586
0.04105 0.0464707 -0.000802013 0.00833894
0.0406417 0.0462426 -0.000411807 0.00829839
0.0388203 0.0451933 -0.000707676 0.00806173
0.0375043 0.0444197 -0.000679693 0.00801499
0.03845 0.0449716 -0.000947597 0.00806753
0.035226 0.0430485 -0.000998232 0.00780275
0.0331937 0.0417858 -0.000699699 0.00726798
0.0331062 0.0417505 -0.000647634 0.00758634
0.0354257 0.043177 -0.000623973 0.0078396
0.0312409 0.0405445 -0.000917231 0.00705555
0.037671 0.0445272 -0.000344133 0.00833459
0.0342122 0.0423887 -0.00136528 0.00761324
0.0254756 0.0365982 -0.000934361 0.00683998
0.036436 0.0438011 0.00120988 0.00719622
0.0341876 0.0424038 0.000480706 0.0080229
0.028565 0.038758 -0.000841732 0.00670936
0.0411749 0.0465599 -0.000515088 0.0088835
0.0313846 0.0406563 0.000839251 0.00582048
0.0240214 9.13864e-06 -0.00343168 3.46092e-09
0.0364562 0.0438041 0.000684298 0.0102799
0.0256503 3.46739e-06 -0.00320905 1.09611e-06
0.0415241 0.046748 4.60817e-05 0.00775328
0.0182893 3.40213e-06 -0.00228939 1.858e-06
0.027623 0.0380073 -0.00188785 0.00522846
0.0151788 4.63943e-06 -0.00190453 3.35797e-07
0.0375654 0.0444004 -0.00241911 0.00763408
0.0185476 0.0311711 -0.00116014 0.0046994
0.0408883 0.0463932 0.00122961 0.00790492
0.0330029 0.0416656 -0.000832637 0.00739358
0.0325105 0.0413695 0.00046321 0.00942556
0.0184974 3.39394e-06 -0.00205528 4.37043e-07
0.0309933 5.54139e-06 -0.00387424 9.0276e-07
0.0231284 6.81604e-06 -0.00385568 1.12952e-07
0.0303982 0.0399876 -0.000645231 0.00900637
0.0231238 0.0348678 -9.53134e-05 0.00562555
0.0173231 0.0301972 0.000126186 0.00498615
0.0314559 0.0407098 0.00125974 0.00613162
0.028177 0.0385223 0.00134543 0.00621874
0.0359791 0.0435163 3.70151e-05 0.00752398
0.0298348 0.0395967 -0.00140051 0.00897375
0.0372179 0.0442864 0.000329088 0.00808478
0.0164339 3.67862e-06 -0.00234793 8.21408e-07
0.0228116 0.0161875 -0.00326405 0.00275396
0.0220826 0.0340707 -0.000859333 0.00604544
0.0221892 0.0341259 -0.00116277 0.00561033
0.0329799 0.0409278 -0.00314402 0.0054833
0.0239524 2.0845e-05 -0.00299424 3.11401e-06
0.0233587 0.0349191 -0.00179749 0.0052355
0.0273673 4.33648e-06 -0.00304084 5.78013e-07
0.0214974 0.0336258 -0.000323563 0.00535706
0.028719 0.0388296 -0.00117472 0.00547442
0.0356956 0.0432516 -0.00257196 0.0079591
0.0396364 0.0456578 -0.00117129 0.00832685
0.0307692 0.0402158 -0.00111288 0.00626022
0.0352988 0.0430971 0.00107948 0.00768157
0.0283868 0.0386493 0.000879452 0.00562437
0.0338424 4.15851e-05 0.00423079 6.17913e-06
0.0291609 7.39936e-08 0.00416921 1.32275e-06

