0.180443 0.097444 -0.00213037 0.0177667
0.171533 0.0950037 -0.0022009 0.0171302
0.165129 0.093215 -0.00200239 0.0167949
0.160055 0.0917743 -0.00170783 0.0166279
0.155622 0.0904929 -0.00228591 0.016324
0.152073 0.0894541 -0.00226424 0.0160348
0.148647 0.0884406 -0.00225133 0.0159002
0.144688 0.0872539 -0.00242914 0.015596
0.142163 0.0864893 -0.00207605 0.0154574
0.140218 0.085896 -0.00135824 0.015409
0.133742 0.0838767 -0.00315017 0.0147472
0.132547 0.0835121 -0.00198733 0.0148027
0.129633 0.0825896 -0.00212105 0.0146192
0.11963 0.0793356 -0.00208973 0.0142011
0.120289 0.0795578 -0.00179576 0.0140769
0.139833 0.0857949 -0.00174816 0.0165319
0.134623 0.0841819 0.000954829 0.0145009
0.129257 0.0824781 -0.000446325 0.0152384
0.137152 0.0849366 -0.00442566 0.0166692
0.136258 0.0846758 0.00430001 0.0145069
0.12018 0.0795205 3.7184e-05 0.0159217
0.149885 0.0888115 -0.00316041 0.0165582
0.149789 0.0887843 -0.0024414 0.0177953
0.149743 0.0887818 0.00153783 0.0176407
0.151362 0.0892466 -0.00138749 0.0166234
0.145729 0.0875862 0.00236644 0.01633
0.163778 0.0928495 0.00154757 0.0162189
0.167681 0.0939324 -0.00423104 0.0193991
0.140946 0.0861215 -0.00146225 0.0149612
0.174535 0.0958534 0.00810012 0.0174881
0.157198 0.0909618 0.00102255 0.01604
0.161333 0.0921249 -0.00383874 0.0174348
0.130729 0.0829108 -0.00510447 0.01528
0.13801 0.0852372 0.00297366 0.0161553
0.12025 0.0795611 0.00176513 0.0150896
0.119452 0.0793041 0.00390565 0.0128495
0.139683 0.0857043 -0.00307199 0.0148166
0.13957 0.0856987 -0.0019477 0.0148769
0.194281 0.101131 0.00248841 0.0182744
0.179545 0.0972334 0.00897269 0.0166683
0.14444 0.0872017 0.00493911 0.0179075
0.104979 0.0743299 -0.000328048 0.0137132
0.14857 0.0884333 6.6736e-05 0.0175171
0.152311 0.0895278 -0.00112131 0.0142955
0.134705 0.0841561 -0.00504499 0.0140782
0.145789 0.0876013 -0.00061565 0.0161017
0.140173 0.0858831 -0.00198151 0.0155259
0.100188 0.07263 0.00441006 0.0132007
0.131957 0.0833191 -0.00338141 0.0156379
0.121647 0.079991 -0.00261741 0.0171055
0.138704 0.0853877 -0.00505186 0.0138546
0.132892 0.0836412 0.00259656 0.0145696
0.142875 0.0866855 -0.0053451 0.0139449
0.122193 5.27422e-06 -0.013586 1.948e-06
0.124865 0.0810719 0.00180722 0.0134802
0.166176 0.0934999 -0.00430102 0.0174602
0.125288 0.0812027 0.000340223 0.0147607
0.109794 0.0760066 -0.00246029 0.0141647
0.111279 0.0765488 0.00228075 0.0127068
0.109282 9.61926e-06 -0.0121426 1.29784e-06

0.123234 0.0805206 -0.0025623 0.0146424
0.116763 0.0783779 -0.00249384 0.0141142
0.111451 0.0765716 -0.00202708 0.0138482
0.106576 0.0748818 -0.00200051 0.0135628
0.102683 0.0735022 -0.0021888 0.0131794
0.100714 0.0727935 -0.00206716 0.0131512
0.0981282 0.0718522 -0.00203097 0.0128048
0.094716 0.0705922 -0.00220262 0.0127657
0.0882803 0.0681497 -0.002445 0.0123321
0.0869911 0.06764 -0.00292671 0.0123646
0.0839762 0.0664722 -0.00129371 0.0116599
0.0792176 0.0645221 -0.00315365 0.0113776
0.0818832 0.0656233 -0.00302294 0.0119626
0.0833014 0.0661858 -0.00309146 0.0125248
0.0841095 0.0665151 -0.00261274 0.0125185
0.0756034 0.0630571 -0.00352481 0.0146254
0.0911197 0.0692552 0.000693873 0.0121595
0.0725829 0.0617855 -0.0025976 0.0111689
0.0667707 0.0592462 -0.00404267 0.0130636
0.0624969 8.90621e-05 -0.012545 1.37183e-05
0.0711275 0.0607088 -0.00599397 0.00793299
0.0556828 0.0534026 -0.00529526 0.00650396
-3.27069 1.41133 0.374945 0.156814
-3.39077 0.173684 0.374945 0.0192982
-3.11598 1.79014 0.376031 0.198904
-3.22208 0.809522 0.364242 0.0899469
-3.14673 1.22862 0.372615 0.136514
0.0348083 0.051828 0.00435104 0.00756408
0.0416614 0.0468237 0.00144115 0.00607447
-0.0121649 1.4468e-07 0.00202738 2.20773e-07
-0.0121647 0.00273894 0.00202744 0.00104194
0.051033 0.0176574 -0.00852412 0.00378107
0.0510812 3.9714e-05 -0.00851377 8.49697e-06
0.0606093 0.056468 -0.000965041 0.00882531
0.024744 0.0360787 -0.000375231 0.00456905
0.0551132 0.0538725 0.00213601 0.00657813
0.0124343 1.09428e-05 -0.00621963 6.67423e-06
0.0058402 0.015136 -0.00584022 0.0111188
0.021013 1.69435e-05 -0.00263203 3.72234e-07
0.079137 0.0648477 0.00821504 0.00908267
0.0702647 6.27861e-06 0.00780794 2.89728e-07
0.0185516 2.26508e-06 -0.0185599 6.62188e-07
0.0109844 4.25979e-05 -0.0111351 5.4079e-05
0.0295835 0.000166727 0.00739602 5.45697e-05
0.058853 0.0556694 0.00394695 0.0095994
0.0194224 0.031912 -0.000928802 0.00363944
0.0335722 0.0420422 0.000427578 0.00689976
0.079884 0.0648156 -0.003485 0.0146348
0.0562997 2.16009e-06 0.00625862 1.40163e-06
0.0475686 4.67462e-06 0.00594854 8.49008e-07
0.0307617 0.0400208 -0.00228474 0.00491944
0.0578837 0.0552123 0.00247281 0.00819126
0.0331053 0.0417397 -0.000126563 0.00506567
0.448623 0.707107 -0.0641629 0.708028
0.0575744 0.0550528 0.000713433 0.00892852
0.0717939 0.0614863 0.0028836 0.0112465
0.0382206 0.0448738 0.00287089 0.00610418
0.0476587 1.13332e-05 -0.00529552 2.8609e-09
0.0476581 3.50492e-09 -0.00529535 1.9241e-09
0.102662 0.0734954 -0.00160175 0.011553

0.0753291 0.0629552 -0.00134852 0.0113883
0.0676869 0.0596784 -0.00165388 0.0109341
0.0654872 0.0586965 -0.00119409 0.0106015
0.0636857 0.0578859 -0.000986903 0.0103367
0.060667 0.0564976 -0.00126675 0.0101623
0.0590066 0.0557189 -0.000739842 0.0100001
0.0573628 0.0549352 -0.00121668 0.00979278
0.0561004 0.054327 -0.00126177 0.00987379
0.054782 0.0536853 -0.000957987 0.0095873
0.05167 0.0521139 -0.00226245 0.00937325
0.0480539 0.05025 -0.0026112 0.00858136
0.0533888 0.0530106 0.00027514 0.00930104
0.0530589 0.0528332 -0.00116557 0.00965004
0.056118 0.0543391 -0.0011374 0.0094473
0.0475746 0.0500396 0.000167521 0.00911681
0.0625193 0.0573788 0.000680505 0.0105906
0.0440465 1.08325e-05 -0.00629564 5.43739e-07
0.0411273 0.0465272 0.000237809 0.00872396
0.0495745 0.0510782 -0.00113729 0.0115788
0.084648 0.0667491 0.000399149 0.0116231
0.0587797 0.0556403 0.0036784 0.00855132
0.0300948 5.5927e-05 -0.00430487 8.42579e-06
0.0536307 2.73563e-07 0.00766154 4.58624e-08
0.0424645 2.14675e-06 -0.00471831 2.76042e-07
0.0589461 0.0557031 0.000623506 0.00944293
0.102402 0.0733698 -0.00456293 0.0121197
0.0784052 0.0642634 0.00604563 0.0102311
0.0565594 0.0552218 0.00586444 0.00758188
0.0430502 2.78415e-07 0.00538161 5.63759e-08
0.0334563 0.0416135 -0.00276657 0.00519527
0.0509869 0.0517863 -0.00152232 0.0105182
0.11306 5.46161e-05 -0.0161662 6.76624e-06
0.110307 0.00512539 -0.0137947 0.000857581
0.0760659 0.0632624 -0.00125767 0.0104072
0.07202 0.0615543 -0.00187303 0.0107825
0.0438612 0.0480521 0.00190769 0.00940641
0.0462106 2.37759e-05 -0.00513912 1.29939e-06
0.0462361 3.9425e-08 -0.00513735 5.43195e-09
0.0289882 0.039035 -0.000708613 0.00525148
0.0205469 3.89899e-06 -0.00293528 8.53211e-07
0.020547 5.81632e-08 -0.00293528 8.30903e-09
0.0230964 1.47848e-06 -0.00257181 2.45716e-07
0.0231244 2.00379e-06 -0.00256982 1.16225e-07
0.041575 5.58457e-06 -0.0059489 5.39577e-07
0.0256674 0.0311792 -0.000917244 0.00422387
0.0672345 0.0594964 -1.5184e-05 0.00965954
0.034248 0.0424667 0.000858454 0.00576664
0.0850164 2.07584e-05 0.0106377 3.22535e-06
0.0850176 2.44184e-05 0.0106288 3.05656e-07
0.0583499 0.0553789 -0.00260878 0.00974905
0.0733403 0.0621545 0.00430239 0.0100109
0.0887706 2.35615e-07 0.0111107 2.36045e-06
0.064794 0.0583883 -0.00122618 0.0107558
0.0516058 0.0521175 0.000181834 0.0116285
0.0399261 0.0458409 1.79489e-05 0.010729
0.0757673 0.063117 -0.00177443 0.00956838
0.017731 2.44824e-06 -0.00197013 2.61308e-09
0.017731 2.80117e-08 -0.00197011 3.11243e-09
0.04164 0.0387549 -0.00433912 0.00419118
0.0554747 0.0540063 -0.00176315 0.00777044

0.0459837 0.049184 -0.000949615 0.0089629
0.0469228 0.0496892 -0.000709018 0.00914841
0.0425109 0.047289 -0.000640504 0.00851928
0.0412553 0.0465933 -0.000397184 0.00841298
0.0399428 0.0458419 -0.000694221 0.00844487
0.0385814 0.0450544 -0.000545065 0.00787548
0.0368887 0.0440364 -0.00128572 0.00830356
0.0398363 0.0457751 -0.00122413 0.00850217
0.0344035 0.0425462 -0.000657875 0.00711829
0.0311091 0.0404499 -0.000582399 0.00687606
0.0387974 0.045186 -0.000346805 0.00902916
0.0394297 0.045559 6.24455e-05 0.00783801
0.031139 0.0404797 3.97341e-05 0.00736016
0.0355291 0.0432273 -0.000701187 0.00710507
0.034747 0.0427355 -0.00132697 0.00676049
0.0399046 0.0458126 -0.00128284 0.00862305
0.0417233 0.0468669 0.00212513 0.0118909
0.0252817 1.56363e-05 -0.00505641 3.95482e-06
0.0272065 4.67852e-06 -0.00453446 6.68241e-09
0.0272065 0.002382 -0.00453444 0.00110072
0.0391974 0.0458553 0.00350381 0.00686703
0.0199919 8.00727e-06 -0.00333595 2.13432e-06
0.0350362 0.0429671 0.00246617 0.00559595
-1.1642e-06 2.4731e-07 0.00460478 0.0104919
0.0449656 0.0460672 -0.00124209 0.0082514
-0.0232491 0.0827052 -0.00853186 0.0211896
-0.0258104 6.56542e-05 -0.00860309 2.18844e-05
0.0414146 0.0102934 0.00518869 0.00163408
0.0409358 8.30928e-05 0.00511718 1.2385e-05
-0.0120853 4.93842e-06 0.00302049 1.01978e-06
-0.00200812 3.33285e-06 0.00019125 0.223249
0.0287602 0.026063 -0.00310739 0.0028641
0.0279237 9.31062e-09 -0.00310264 5.78666e-07
-0.0189177 1.25402e-06 -0.0094561 9.98193e-06
0.0243817 0.0358346 0.000889034 0.00476334
0.0338447 4.18711e-06 0.00376691 9.7966e-07
0.0338351 3.89386e-08 0.0037595 7.6029e-09
0.00561268 3.20629e-06 0.00577736 0.00106411
-0.00747882 1.82579e-07 0.00747821 1.07842e-05
-0.00747865 2.60955e-06 0.00747846 4.33336e-07
-6.27508e-05 3.23045e-05 0.00278595 0.007842
-0.000523879 0.00226041 -0.000130586 0.000419348
-0.0510117 0.244087 -0.00912533 0.0382571
-0.0555802 0.917247 -0.00921669 0.11286
-0.0359912 0.591314 -0.00708258 0.096918
-0.0316102 0.164819 -0.007855 0.0283019
0.0103206 0.00064355 0.00515659 0.000321776
0.0137979 0.0183972 0.00689931 0.014545
0.0219726 4.36218e-06 0.00274879 6.28417e-07
0.022601 0.0343922 -0.00119022 0.00355685
0.00702305 3.27189e-06 -0.00117269 3.17511e-07
-0.0240824 0.000187355 -0.000496043 0.987175
0.0312357 0.0411845 0.00446253 0.00702513
-20.7712 4.10255 -2.3154 0.455839
-20.9508 0.744705 -2.3154 0.082745
-20.9508 0.248972 -2.3154 0.0276635
-20.9508 1.0628 -2.3154 0.118088
-20.7851 3.47278 -2.31484 0.385865
-20.8897 0.203117 -2.31484 0.0225685
-20.8897 1.19442 -2.31484 0.132713

