0.181856 0.0978243 -0.00223686 0.0177023
0.171817 0.0950846 -0.00232612 0.017112
0.167418 0.0938632 -0.00193338 0.0170479
0.161345 0.0921417 -0.00182416 0.0166189
0.158773 0.0914058 -0.00220347 0.0165459
0.155105 0.0903424 -0.0020486 0.0162861
0.150599 0.0890197 -0.00225515 0.016014
0.145369 0.0874615 -0.00226424 0.0157187
0.146124 0.0876894 -0.00162729 0.0157439
0.140871 0.0860978 -0.00182187 0.0154322
0.136878 0.0848674 -0.00219523 0.0151698
0.143234 0.0868219 -0.000742267 0.0151922
0.131964 0.0833314 -0.000972709 0.0150449
0.134618 0.08417 -0.000644863 0.0152984
0.134525 0.0841289 -0.00242326 0.0150413
0.125921 0.0813963 -0.00248362 0.0145912
0.139013 0.0855368 0.000792464 0.015201
0.128168 0.082116 -0.00286246 0.0151194
0.128462 0.0821953 -0.00426675 0.01423
0.112957 0.0770054 -0.00758018 0.0144339
0.148282 0.0883361 -0.000771603 0.0154919
0.144849 0.0873053 -0.0016793 0.0155602
0.136761 0.0848449 0.00118889 0.0155519
0.143306 0.0868421 -0.00102713 0.0157282
0.141505 0.0862961 -0.000403047 0.0149802
0.147926 0.0882226 -0.00230815 0.0159952
0.141504 0.0862923 0.00114725 0.0159061
0.142651 0.0866456 -0.00206161 0.0163444
0.145208 0.0874084 -0.00242589 0.0153867
0.16713 0.0937929 0.000736102 0.0165962
0.161875 0.0922828 -0.00388672 0.0167892
0.179367 0.0971497 -0.00456649 0.0169868
0.147126 0.0879792 -0.0033651 0.0164447
0.129501 0.0825641 0.00167981 0.0160131
0.121071 0.0798139 -0.00214671 0.0147314
0.155129 0.0903848 0.00134992 0.0159482
0.111807 0.076666 -0.00695932 0.0169885
0.115725 0.0780172 -0.00447305 0.0156428
0.132355 0.0834533 -0.0022119 0.0140034
0.121662 0.0800306 0.00237762 0.0146942
0.142671 0.0866422 -0.00238229 0.0149557
0.136556 0.0847731 4.09114e-05 0.0156035
0.169583 0.0944797 0.00136195 0.0174945
0.140498 0.0859333 -0.009558 0.0190411
0.113922 0.0774413 0.00155652 0.0154116
0.132099 0.0833822 0.00381638 0.0144601
0.125478 0.0812595 -0.00222314 0.0152883
0.124483 0.0809377 -0.000771923 0.0149265
0.133807 0.0839153 -0.00138463 0.0169101
0.14696 0.087919 -0.00431742 0.0161702
0.15599 0.0906189 0.000416527 0.0152845
0.125745 0.0813614 0.00247169 0.0136865
0.112813 0.077023 -0.0039109 0.0131154
0.122703 0.0803549 -0.0011905 0.0144103
0.128302 0.0821606 -0.00266088 0.0141462
0.127484 0.0818979 -0.00251167 0.0143265
0.136909 0.0848673 -0.00308274 0.0154216
0.131043 0.0830481 -3.17309e-05 0.0154064
0.122107 0.0801811 0.0020202 0.0133517
0.131735 0.0832446 -0.00202527 0.0144321

0.126334 0.0815315 -0.0023246 0.014794
0.116852 0.0784079 -0.00225718 0.014175
0.110673 0.076308 -0.00252738 0.01375
0.107274 0.0751234 -0.00220096 0.0136067
0.10404 0.0739851 -0.00185133 0.0133587
0.101936 0.0732264 -0.00252847 0.0131941
0.0970461 0.0714569 -0.00148155 0.0128337
0.0966314 0.0713041 -0.00167325 0.0126849
0.0941779 0.0703939 -0.00140723 0.012713
0.0927315 0.0698449 -0.00202926 0.0126608
0.087517 0.0678512 -0.00156505 0.0125377
0.0900262 0.0688271 -0.0012232 0.0124753
0.0809734 0.0652659 -0.00112448 0.0115494
0.0803317 0.0650178 -0.000371121 0.0115544
0.0913791 0.0693395 -0.00143937 0.0120743
0.0925872 0.0698033 -0.000839505 0.0126215
0.0758076 0.0631413 -0.00287373 0.0128221
0.0925068 0.0697709 -0.00222609 0.0118329
0.0914484 0.0693702 -0.00100245 0.0121511
0.0780042 0.0640294 -0.00381799 0.0126273
0.0826268 0.0657705 -0.00589207 0.0105639
0.08161 1.1707e-05 -0.0102027 1.85691e-06
0.0842078 7.77773e-06 -0.00935763 1.32019e-07
0.100935 0.0728963 0.00229289 0.0121964
0.091475 0.0693552 -0.00350716 0.0137724
0.0831063 0.0661275 -0.00130786 0.0126503
0.0851012 0.0668991 -0.00246431 0.0112977
0.0880509 0.0681131 -0.00654568 0.0221766
0.068848 5.33218e-06 -0.00861009 3.35018e-06
0.0798911 0.0648488 0.000975636 0.0146069
0.0647231 0.0581098 -0.00531048 0.00883066
0.069549 3.48729e-07 -0.00993604 9.10873e-08
0.0688288 0.0601854 -0.000294318 0.0100667
0.108453 0.0755617 0.00155398 0.0130877
0.110288 0.0761843 -0.000991894 0.0129544
0.0907312 1.25573e-05 -0.012962 2.62391e-06
0.0879682 0.0680413 -0.000137932 0.0117898
0.0658863 0.0588584 -0.00420951 0.0145181
0.0739331 0.0623706 -0.00128563 0.0115314
0.108494 0.0755341 -0.00346052 0.0134189
0.08919 0.0685006 -0.00213535 0.0140478
0.101673 0.0731582 0.00255768 0.0139199
0.0716804 0.0613543 -0.00526436 0.013699
0.0611324 0.0566723 -0.00327855 0.011742
0.0847472 0.0667629 -0.00288845 0.0130906
0.0494505 0.0510177 0.000247982 0.0122594
0.0695875 0.0604188 -0.00432771 0.011334
0.0535564 3.47377e-06 -0.00765361 1.00921e-06
0.0885676 0.0682697 -0.00164222 0.0117458
0.0750743 1.28966e-05 -0.0125125 2.8012e-06
0.0862719 0.067294 -0.00606273 0.0140575
0.087179 0.0677017 -0.00416335 0.0141604
0.0661231 0.0589341 -0.00378079 0.011563
0.0717344 0.0614507 -0.00103884 0.0135734
0.0773697 0.0256818 -0.00859672 0.00403546
0.0963889 0.0712166 0.00157432 0.0142638
0.0708831 0.0610629 -0.00165004 0.0101439
0.0628299 3.39789e-06 -0.00785841 2.17667e-06
0.0658697 1.13732e-05 -0.00731896 1.74317e-06
0.0731573 0.0618369 -0.00617411 0.0103258

0.0731219 0.0620164 -0.00152036 0.0112742
0.0681252 0.0598653 -0.000977644 0.010908
0.0677132 0.0596857 -0.001238 0.0106831
0.0633304 0.057723 -0.00125148 0.0102778
0.0620433 0.0571347 -0.0009749 0.0102217
0.0608818 0.0565938 -0.00127174 0.0100994
0.0592912 0.0558507 -0.00129453 0.010092
0.0557061 0.0541313 -0.00114105 0.00971652
0.054616 0.0535879 -0.00135322 0.00948428
0.0531217 0.0528486 -0.00187153 0.00963062
0.0535528 0.0530801 -0.00136043 0.00967121
0.0473693 0.0499045 -0.00113689 0.00876998
0.0480953 0.0503028 -0.000933417 0.00870919
0.0486069 0.0505352 -0.00264985 0.00926822
0.0513974 0.0520209 -0.000539701 0.00890154
0.0496508 0.0511186 -0.000142542 0.00883365
0.0644505 0.0582448 0.00225573 0.00982323
0.0508955 0.0517606 0.00163401 0.00858905
0.0236067 7.72914e-09 -0.00786909 3.28033e-08
0.0317281 0.0408731 0.000415009 0.00883178
0.0528772 0.0527673 0.00175255 0.00903909
0.0574384 0.0549676 -0.00263053 0.0113456
0.0493875 0.0509639 -0.0015772 0.00937982
0.0326601 0.041468 0.000107197 0.00867016
0.0565172 0.0545594 0.00194824 0.00948397
0.0630477 5.98756e-06 -0.00700534 7.85342e-07
0.0745976 0.0626601 -0.00035515 0.0109313
0.0845673 0.0667219 0.000959497 0.0129199
0.0661129 3.77825e-06 -0.00734981 1.20371e-06
0.0150004 0.0272959 0.00300011 0.00807296
0.0406535 0.0462503 -0.000553672 0.00762255
0.0261908 6.39843e-08 0.00291593 4.9847e-07
0.0592244 0.0558123 -0.00169929 0.00889045
0.0548208 0.0536936 -0.0014157 0.00842644
0.0573385 0.0549335 -0.00021487 0.00937389
0.0417097 0.0468492 -0.000332221 0.00686349
0.0736247 0.0622797 0.00228882 0.00988379
0.0309903 9.24191e-06 -0.00387379 1.15524e-06
0.0573736 0.0537519 -0.00370193 0.00910388
0.0123892 2.15578e-07 -0.00137663 1.35985e-08
0.0328418 0.0415868 -0.000328903 0.00707833
0.053875 0.0532286 -0.00237234 0.00908698
0.0450408 0.0486993 0.0019641 0.00698829
0.0741576 0.062483 0.00130632 0.010235
0.0317302 7.7809e-06 0.00635065 1.17502e-06
0.0531576 0.0528667 -0.001569 0.00837131
0.03825 6.65016e-06 -0.00956251 1.66254e-06
0.057439 2.67355e-06 -0.00638587 1.23851e-06
0.051225 0.0519332 0.00237227 0.00981521
0.0607559 0.0565193 -0.00222771 0.00923671
0.0372316 0.0442669 0.000296743 0.00639909
0.0495366 0.0510681 0.00102209 0.0104769
0.0394031 0.0488606 0.00492574 0.00721882
0.0393907 0.0557045 0.0049239 0.00824587
0.027233 0.000216239 -0.00680933 1.95769e-05
0.0660567 1.53974e-08 0.00733963 1.71082e-09
0.0526848 0.052671 0.00237698 0.010355
0.0395271 0.0456111 -9.07151e-05 0.00774312
0.0455943 2.9481e-06 -0.00570677 7.99934e-07
0.0552484 0.0539241 -0.000138724 0.00796631

0.0486731 0.0506015 -0.00123178 0.0090051
0.0433705 0.0477603 -0.000725433 0.00873753
0.0426653 0.0473772 -0.000595728 0.00832461
0.0437389 0.0479769 -0.000343653 0.00859995
0.0416379 0.0467987 -0.000976407 0.00828135
0.0396152 0.0456493 -0.000346472 0.00823253
0.0369294 0.0440816 -0.000344858 0.00838662
0.0388998 0.0452443 -0.000407248 0.00821215
0.0343019 0.0424753 -0.000897685 0.00767499
0.0372064 0.044228 -0.00114077 0.00775107
0.0355751 0.0432568 -0.000752836 0.00779665
0.0361242 0.0435903 -0.00101133 0.00774211
0.0242189 1.62651e-05 -0.00346104 6.5707e-07
0.0371339 0.0442069 -9.59754e-05 0.00789076
0.0350922 0.0429825 0.000878425 0.00755838
0.0478142 0.0501777 0.000366228 0.00968872
0.0427525 0.0474483 0.00189277 0.00796449
0.0251093 0.0362442 -0.00161169 0.0045794
0.0404635 0.046116 -0.00206569 0.00903876
0.0417151 4.62156e-06 -0.00463506 6.10431e-07
0.0129309 2.95596e-06 0.00323648 1.08606e-06
0.0213072 2.94162e-05 -0.00267227 2.48124e-06
0.0331278 0.0215416 -0.0041446 0.00312225
0.0350852 5.10631e-07 -0.00389856 2.15629e-08
0.0210987 0.0269694 0.0023591 0.00410205
0.0104531 2.40513e-06 -0.00209062 4.81027e-07
0.0666614 0.0592178 -0.00140823 0.0100204
0.0455756 0.0489571 -0.00137541 0.00834782
0.0314394 0.0263207 -0.0157197 0.0187242
0.0416095 5.06167e-05 -0.0104047 1.75333e-05
0.0382409 0.0448732 -1.16178e-06 0.00763694
-0.000760175 0.707107 0.000374775 0.707107
0.0624596 0.0585359 0.000317557 0.00958035
0.0437124 6.32944e-06 -0.00624466 1.10834e-06
0.0660412 0.0589634 0.00152073 0.00957726
0.0312427 6.81466e-08 0.00521148 1.61018e-06
0.0430644 0.0476119 0.000201735 0.00760788
0.0400874 0.045906 -0.00183349 0.0094686
0.0399051 4.2214e-06 -0.00443392 5.17513e-07
0.0356032 0.0432161 -0.00395592 0.00480189
0.0356032 3.5372e-07 -0.00395592 3.93022e-08
0.0356032 7.13768e-08 -0.00395592 7.93076e-09
0.00701021 0.0192132 0.000126647 0.00230787
0.0164606 0.0294448 0.00077821 0.00428255
0.0134786 2.63148e-07 -0.00168482 3.29028e-08
0.014268 1.05418e-06 -0.00158631 1.44954e-07
0.0433048 0.0476872 -0.0018185 0.00622361
0.0381563 0.0448282 0.00251609 0.00646911
0.0446482 5.91332e-06 -0.00558103 8.6991e-07
0.0446482 3.26937e-08 -0.00558103 4.08673e-09
0.013211 0.00799287 -0.00161573 0.000999076
0.013639 0.00573733 -0.00151546 0.000752245
0.0208305 0.0331744 -0.000441964 0.00699369
0.0140211 0.0271237 -0.000652249 0.00371085
0.0156052 2.35978e-07 -0.00195094 8.91836e-09
0.0290874 1.02448e-05 -0.00363628 1.83713e-06
0.0392694 0.0454501 -0.000784905 0.00900279
0.0158141 3.94393e-08 0.00176038 3.65796e-07
-0.066428 0.00659578 0.00162892 5.17314e-07
-0.066428 0.0278586 0.00162892 9.37355

